"Status","Start Time","Stop Time","Duration in ms","Parent Suite","Suite","Sub Suite","Test Class","Test Method","Name","Description"
"passed","Mon Oct 07 13:48:38 GMT 2024","Mon Oct 07 13:48:38 GMT 2024","1","tests.unit","test_api_es","TestElasticClient","","","test_createFilterClausesAndAggregations_w_format_readable",""
"passed","Mon Oct 07 13:48:43 GMT 2024","Mon Oct 07 13:48:43 GMT 2024","0","tests.unit","test_sfrElastic_manager","TestSFRElasticRecordManager","","","test_updateWork",""
"passed","Mon Oct 07 13:48:39 GMT 2024","Mon Oct 07 13:48:39 GMT 2024","2","tests.unit","test_cover_process","TestCoverProcess","","","test_searchForCover_success",""
"passed","Mon Oct 07 13:48:42 GMT 2024","Mon Oct 07 13:48:42 GMT 2024","0","tests.unit","test_opds_navigation","TestNavigation","","","test_dir",""
"passed","Mon Oct 07 13:48:38 GMT 2024","Mon Oct 07 13:48:38 GMT 2024","1","tests.unit","test_api_es","TestElasticClient","","","test_generateSearchQuery_identifier_search",""
"passed","Mon Oct 07 13:48:39 GMT 2024","Mon Oct 07 13:48:39 GMT 2024","2","tests.unit","test_api_utils","TestAPIUtils","","","test_formatWorkOutput_multiple_works",""
"passed","Mon Oct 07 13:48:38 GMT 2024","Mon Oct 07 13:48:38 GMT 2024","0","tests.unit","test_UofM_process","TestUofMProcess","","","test_processUofMRecord_error",""
"passed","Mon Oct 07 13:48:42 GMT 2024","Mon Oct 07 13:48:42 GMT 2024","1","tests.unit","test_oclcClassify_process","TestOCLCClassifyProcess","","","test_runProcess_complete",""
"passed","Mon Oct 07 13:48:43 GMT 2024","Mon Oct 07 13:48:43 GMT 2024","0","tests.unit","test_parser_abstract","TestAbstractParser","","","test_uriSetter",""
"passed","Mon Oct 07 13:48:44 GMT 2024","Mon Oct 07 13:48:44 GMT 2024","0","tests.unit","test_xml_mapping","TestXMLMapping","","","test_getFieldData_combined",""
"passed","Mon Oct 07 13:48:38 GMT 2024","Mon Oct 07 13:48:38 GMT 2024","1","tests.unit","test_api_es","TestElasticClient","","","test_generateSearchQuery_author_search",""
"passed","Mon Oct 07 13:48:43 GMT 2024","Mon Oct 07 13:48:43 GMT 2024","2","tests.unit","test_s3_manager","TestS3Manager","","","test_putObjectInBucket_existing_outdated",""
"passed","Mon Oct 07 13:48:41 GMT 2024","Mon Oct 07 13:48:41 GMT 2024","1","tests.unit","test_kmeans_manager","TestKMeansModel","","","test_parseEditions",""
"passed","Mon Oct 07 13:48:39 GMT 2024","Mon Oct 07 13:48:39 GMT 2024","1","tests.unit","test_db_manager","TestDBManager","","","test_createSession_engine_not_exists_autoflush",""
"passed","Mon Oct 07 13:48:40 GMT 2024","Mon Oct 07 13:48:40 GMT 2024","1","tests.unit","test_gutenberg_process","TestGutenbergProcess","","","test_sendFileToProcessingQueue",""
"passed","Mon Oct 07 13:48:42 GMT 2024","Mon Oct 07 13:48:42 GMT 2024","1","tests.unit","test_nypl_process","TestNYPLProcess","","","test_getCopyrightStatus_not_renewed",""
"passed","Mon Oct 07 13:48:43 GMT 2024","Mon Oct 07 13:48:43 GMT 2024","0","tests.unit","test_parser_frontier","TestFrontierParser","","","test_validateURI_false",""
"passed","Mon Oct 07 13:48:41 GMT 2024","Mon Oct 07 13:48:41 GMT 2024","0","tests.unit","test_model_record","TestModelRecord","","","test_has_version_german",""
"passed","Mon Oct 07 13:48:40 GMT 2024","Mon Oct 07 13:48:40 GMT 2024","1","tests.unit","test_gutenberg_manager","TestGutenbergManager","","","test_fetchFilesForRecord_xmlError",""
"passed","Mon Oct 07 13:48:42 GMT 2024","Mon Oct 07 13:48:42 GMT 2024","1","tests.unit","test_opds_link","TestLink","","","test_initializer",""
"passed","Mon Oct 07 13:48:42 GMT 2024","Mon Oct 07 13:48:42 GMT 2024","0","tests.unit","test_opds_feed","TestOPDSFacet","","","test_initializer",""
"passed","Mon Oct 07 13:48:41 GMT 2024","Mon Oct 07 13:48:41 GMT 2024","1","tests.unit","test_marc_mapping","TestMARCMapping","","","test_getFieldData",""
"passed","Mon Oct 07 13:48:43 GMT 2024","Mon Oct 07 13:48:43 GMT 2024","0","tests.unit","test_sfrRecord_manager","TestSFRRecordManager","","","test_setPipeDelimitedData",""
"passed","Mon Oct 07 13:48:41 GMT 2024","Mon Oct 07 13:48:41 GMT 2024","0","tests.unit","test_marc_mapping","TestMARCMapping","","","test_setFieldValues",""
"passed","Mon Oct 07 13:48:38 GMT 2024","Mon Oct 07 13:48:38 GMT 2024","1","tests.unit","test_api_db","TestDBClient","","","test_fetchSingleEdition",""
"passed","Mon Oct 07 13:48:38 GMT 2024","Mon Oct 07 13:48:38 GMT 2024","1","tests.unit","test_api_es","TestElasticClient","","","test_applyFilters_govDoc_filter_only",""
"passed","Mon Oct 07 13:48:41 GMT 2024","Mon Oct 07 13:48:41 GMT 2024","2","tests.unit","test_met_process","TestMetProcess","","","test_storePDFManifest",""
"passed","Mon Oct 07 13:48:39 GMT 2024","Mon Oct 07 13:48:39 GMT 2024","2","tests.unit","test_api_work_blueprint","TestWorkBlueprint","","","test_get_work_success_format",""
"passed","Mon Oct 07 13:48:43 GMT 2024","Mon Oct 07 13:48:43 GMT 2024","1","tests.unit","test_parser_degruyter","TestDeGruyterParser","","","test_createLinks_no_match",""
"passed","Mon Oct 07 13:48:42 GMT 2024","Mon Oct 07 13:48:42 GMT 2024","4","tests.unit","test_nypl_process","TestNYPLProcess","","","test_importBibRecords_not_full_custom_timestamp",""
"passed","Mon Oct 07 13:48:44 GMT 2024","Mon Oct 07 13:48:44 GMT 2024","0","tests.unit","test_xml_mapping","TestXMLMapping","","","test_getFieldData_single",""
"passed","Mon Oct 07 13:48:43 GMT 2024","Mon Oct 07 13:48:43 GMT 2024","0","tests.unit","test_rabbitmq_manager","TestRabbitMQManager","","","test_getMessageFromQueue",""
"passed","Mon Oct 07 13:48:40 GMT 2024","Mon Oct 07 13:48:40 GMT 2024","0","tests.unit","test_fetchers_abstract","TestAbstractFetcher","","","test_hasCover",""
"passed","Mon Oct 07 13:48:42 GMT 2024","Mon Oct 07 13:48:42 GMT 2024","1","tests.unit","test_oclcCatalog_process","TestOCLCCatalogProcess","","","test_processCatalogQuery_success",""
"passed","Mon Oct 07 13:48:42 GMT 2024","Mon Oct 07 13:48:42 GMT 2024","1","tests.unit","test_oclcCatalog_manager","TestOCLCCatalogManager","","","test_query_catalog_success",""
"passed","Mon Oct 07 13:48:38 GMT 2024","Mon Oct 07 13:48:38 GMT 2024","0","tests.unit","test_api_collection_blueprint","TestCollectionBlueprint","","","test_get_collections_sort_error",""
"passed","Mon Oct 07 13:48:40 GMT 2024","Mon Oct 07 13:48:40 GMT 2024","1","tests.unit","test_fetcher_googlebooks","TestGoogleBooksFetcher","","","test_fetchVolume_missing",""
"passed","Mon Oct 07 13:48:42 GMT 2024","Mon Oct 07 13:48:42 GMT 2024","1","tests.unit","test_oclcCatalog_mapping","TestCatalogMapping","","","test_parseLink_internetarchive_unavailable",""
"passed","Mon Oct 07 13:48:40 GMT 2024","Mon Oct 07 13:48:40 GMT 2024","0","tests.unit","test_fetcher_contentcafe","TestContentCafeFetcher","","","test_isNoCoverImage_true",""
"passed","Mon Oct 07 13:48:39 GMT 2024","Mon Oct 07 13:48:39 GMT 2024","1","tests.unit","test_db_manager","TestDBManager","","","test_commitChanges_deadlock_repeated",""
"passed","Mon Oct 07 13:48:39 GMT 2024","Mon Oct 07 13:48:39 GMT 2024","0","tests.unit","test_db_manager","TestDBManager","","","test_createSession_engine_exists",""
"passed","Mon Oct 07 13:48:43 GMT 2024","Mon Oct 07 13:48:43 GMT 2024","0","tests.unit","test_rabbitmq_manager","TestRabbitMQManager","","","test_initializer",""
"passed","Mon Oct 07 13:48:43 GMT 2024","Mon Oct 07 13:48:43 GMT 2024","0","tests.unit","test_sfrRecord_manager","TestSFRRecordManager","","","test_publicationDateCheck3",""
"passed","Mon Oct 07 13:48:42 GMT 2024","Mon Oct 07 13:48:42 GMT 2024","2","tests.unit","test_muse_process","TestMUSEProcess","","","test_downloadRecordUpdates_failure",""
"passed","Mon Oct 07 13:48:38 GMT 2024","Mon Oct 07 13:48:38 GMT 2024","2","tests.unit","test_api_db","TestDBClient","","","test_fetchSearchedWorks",""
"passed","Mon Oct 07 13:48:38 GMT 2024","Mon Oct 07 13:48:38 GMT 2024","2","tests.unit","test_api_es","TestElasticClient","","","test_generateSearchQuery_authority_search",""
"passed","Mon Oct 07 13:48:41 GMT 2024","Mon Oct 07 13:48:41 GMT 2024","1","tests.unit","test_met_process","TestMetProcess","","","test_addCoverAndStoreInS3",""
"passed","Mon Oct 07 13:48:39 GMT 2024","Mon Oct 07 13:48:39 GMT 2024","3","tests.unit","test_core_process","TestCoreProcess","","","test_addDCDWToUpdateList_new",""
"passed","Mon Oct 07 13:48:42 GMT 2024","Mon Oct 07 13:48:42 GMT 2024","1","tests.unit","test_opds_feed","TestOPDSFacet","","","test_addPublications",""
"passed","Mon Oct 07 13:48:43 GMT 2024","Mon Oct 07 13:48:43 GMT 2024","0","tests.unit","test_parser_degruyter","TestDeGruyterParser","","","test_initializer",""
"passed","Mon Oct 07 13:48:38 GMT 2024","Mon Oct 07 13:48:38 GMT 2024","2","tests.unit","test_api_citation_blueprint","TestCitationBlueprint","","","test_get_citation_three_authors_work2",""
"passed","Mon Oct 07 13:48:42 GMT 2024","Mon Oct 07 13:48:42 GMT 2024","1","tests.unit","test_oclcClassify_process","TestOCLCClassifyProcess","","","test_runProcess_custom",""
"passed","Mon Oct 07 13:48:39 GMT 2024","Mon Oct 07 13:48:39 GMT 2024","1","tests.unit","test_es_manager","TestElasticsearchManager","","","test_splitWorkBatch_even",""
"passed","Mon Oct 07 13:48:41 GMT 2024","Mon Oct 07 13:48:41 GMT 2024","1","tests.unit","test_met_process","TestMetProcess","","","test_runProcess",""
"passed","Mon Oct 07 13:48:42 GMT 2024","Mon Oct 07 13:48:42 GMT 2024","0","tests.unit","test_oclcCatalog_manager","TestOCLCCatalogManager","","","test_initializer",""
"passed","Mon Oct 07 13:48:43 GMT 2024","Mon Oct 07 13:48:43 GMT 2024","1","tests.unit","test_rabbitmq_manager","TestRabbitMQManager","","","test_acknowledgeMessageProcessed_error",""
"passed","Mon Oct 07 13:48:38 GMT 2024","Mon Oct 07 13:48:38 GMT 2024","0","tests.unit","test_api_es","TestElasticClient","","","test_identifierQuery_AuthIdent",""
"passed","Mon Oct 07 13:48:42 GMT 2024","Mon Oct 07 13:48:42 GMT 2024","2","tests.unit","test_oclcCatalog_process","TestOCLCCatalogProcess","","","test_receiveAndProcessMessages",""
"passed","Mon Oct 07 13:48:40 GMT 2024","Mon Oct 07 13:48:40 GMT 2024","1","tests.unit","test_fetcher_googlebooks","TestGoogleBooksFetcher","","","test_hasCover_false",""
"passed","Mon Oct 07 13:48:43 GMT 2024","Mon Oct 07 13:48:43 GMT 2024","2","tests.unit","test_parser_springer","TestSpringerParser","","","test_createPDFLinks_missing",""
"passed","Mon Oct 07 13:48:43 GMT 2024","Mon Oct 07 13:48:43 GMT 2024","1","tests.unit","test_parser_frontier","TestFrontierParser","","","test_generateEpubLinks_success",""
"passed","Mon Oct 07 13:48:38 GMT 2024","Mon Oct 07 13:48:38 GMT 2024","0","tests.unit","test_api_citation_blueprint","TestCitationBlueprint","","","test_get_citation_empty_format",""
"passed","Mon Oct 07 13:48:39 GMT 2024","Mon Oct 07 13:48:39 GMT 2024","2","tests.unit","test_es_manager","TestElasticsearchManager","","","test_saveWorkRecords_retry_success",""
"passed","Mon Oct 07 13:48:39 GMT 2024","Mon Oct 07 13:48:39 GMT 2024","0","tests.unit","test_api_utils","TestAPIUtils","","","test_formatPagingOptions_previous_null",""
"passed","Mon Oct 07 13:48:43 GMT 2024","Mon Oct 07 13:48:43 GMT 2024","1","tests.unit","test_sfrElastic_manager","TestSFRElasticRecordManager","","","test_initializer",""
"passed","Mon Oct 07 13:48:40 GMT 2024","Mon Oct 07 13:48:40 GMT 2024","0","tests.unit","test_gutenberg_manager","TestGutenbergManager","","","test_initializer",""
"passed","Mon Oct 07 13:48:38 GMT 2024","Mon Oct 07 13:48:38 GMT 2024","3","tests.unit","test_api_collection_blueprint","TestCollectionBlueprint","","","test_get_collection_error",""
"passed","Mon Oct 07 13:48:38 GMT 2024","Mon Oct 07 13:48:38 GMT 2024","3","tests.unit","test_api_edition_blueprint","TestEditionBlueprint","","","test_get_edition_success_format",""
"passed","Mon Oct 07 13:48:42 GMT 2024","Mon Oct 07 13:48:42 GMT 2024","2","tests.unit","test_opds_publication","TestOPDSPublication","","","test_parseWorkToPublication",""
"passed","Mon Oct 07 13:48:43 GMT 2024","Mon Oct 07 13:48:43 GMT 2024","1","tests.unit","test_parser_mdpi","TestMDPIParser","","","test_generateS3Root",""
"passed","Mon Oct 07 13:48:39 GMT 2024","Mon Oct 07 13:48:39 GMT 2024","4","tests.unit","test_api_opds_blueprint","TestOPDSBlueprint","","","test_newPublicationsEndpoint",""
"passed","Mon Oct 07 13:48:43 GMT 2024","Mon Oct 07 13:48:43 GMT 2024","1","tests.unit","test_opds_publication","TestOPDSPublication","","","test_findAndAddCover_present",""
"passed","Mon Oct 07 13:48:39 GMT 2024","Mon Oct 07 13:48:39 GMT 2024","0","tests.unit","test_core_mapping","TestCoreMapping","","","test_initializer",""
"passed","Mon Oct 07 13:48:39 GMT 2024","Mon Oct 07 13:48:39 GMT 2024","2","tests.unit","test_api_work_blueprint","TestWorkBlueprint","","","test_get_work_success_show_all_true",""
"passed","Mon Oct 07 13:48:43 GMT 2024","Mon Oct 07 13:48:43 GMT 2024","0","tests.unit","test_sfrRecord_manager","TestSFRRecordManager","","","test_parseDelimitedEntry_custom_function_no_type",""
"passed","Mon Oct 07 13:48:39 GMT 2024","Mon Oct 07 13:48:39 GMT 2024","3","tests.unit","test_doab_process","TestDOABProcess","","","test_importSingleOAIRecord_success",""
"passed","Mon Oct 07 13:48:39 GMT 2024","Mon Oct 07 13:48:39 GMT 2024","3","tests.unit","test_api_link_blueprint","TestLinkBlueprint","","","test_get_link_missing",""
"passed","Mon Oct 07 13:48:42 GMT 2024","Mon Oct 07 13:48:42 GMT 2024","1","tests.unit","test_oclcCatalog_process","TestOCLCCatalogProcess","","","test_processCatalogQuery_no_record_found",""
"passed","Mon Oct 07 13:48:40 GMT 2024","Mon Oct 07 13:48:40 GMT 2024","2","tests.unit","test_isac_process","TestChicagoISACProcess","","","test_processChicagoISACRecord_success",""
"passed","Mon Oct 07 13:48:40 GMT 2024","Mon Oct 07 13:48:40 GMT 2024","0","tests.unit","test_kmeans_manager","TestKMeansModel","","","test_pubProcessor_none",""
"passed","Mon Oct 07 13:48:40 GMT 2024","Mon Oct 07 13:48:40 GMT 2024","0","tests.unit","test_fetcher_googlebooks","TestGoogleBooksFetcher","","","test_hasCover_true",""
"passed","Mon Oct 07 13:48:39 GMT 2024","Mon Oct 07 13:48:39 GMT 2024","0","tests.unit","test_api_utils","TestAPIUtils","","","test_formatFilters",""
"passed","Mon Oct 07 13:48:43 GMT 2024","Mon Oct 07 13:48:43 GMT 2024","0","tests.unit","test_sfrRecord_manager","TestSFRRecordManager","","","test_publicationDateCheck4",""
"passed","Mon Oct 07 13:48:38 GMT 2024","Mon Oct 07 13:48:38 GMT 2024","3","tests.unit","test_api_citation_blueprint","TestCitationBlueprint","","","test_get_citation_post1900_gov_success",""
"passed","Mon Oct 07 13:48:43 GMT 2024","Mon Oct 07 13:48:43 GMT 2024","0","tests.unit","test_sfrElastic_manager","TestSFRElasticRecordManager","","","test_addAgent_with_roles",""
"passed","Mon Oct 07 13:48:38 GMT 2024","Mon Oct 07 13:48:38 GMT 2024","3","tests.unit","test_api_citation_blueprint","TestCitationBlueprint","","","test_get_citation_bible_pre1900_success",""
"passed","Mon Oct 07 13:48:41 GMT 2024","Mon Oct 07 13:48:41 GMT 2024","1","tests.unit","test_met_process","TestMetProcess","","","test_sendFileToProcessingQueue",""
"passed","Mon Oct 07 13:48:42 GMT 2024","Mon Oct 07 13:48:42 GMT 2024","1","tests.unit","test_muse_process","TestMUSEProcess","","","test_runProcess_custom",""
"passed","Mon Oct 07 13:48:43 GMT 2024","Mon Oct 07 13:48:43 GMT 2024","1","tests.unit","test_s3_manager","TestS3Manager","","","test_createS3Bucket_success",""
"passed","Mon Oct 07 13:48:42 GMT 2024","Mon Oct 07 13:48:42 GMT 2024","0","tests.unit","test_muse_mapping","","","","test_create_mapping",""
"passed","Mon Oct 07 13:48:39 GMT 2024","Mon Oct 07 13:48:39 GMT 2024","2","tests.unit","test_es_manager","TestElasticsearchManager","","","test_createElasticSearchIngestPipeline",""
"passed","Mon Oct 07 13:48:43 GMT 2024","Mon Oct 07 13:48:43 GMT 2024","68","tests.unit","test_parser_openedition","TestOpenEditionParser","","","test_loadEbookLinks_success",""
"passed","Mon Oct 07 13:48:41 GMT 2024","Mon Oct 07 13:48:41 GMT 2024","0","tests.unit","test_kmeans_manager","TestKMeansModel","","","test_getPublishers_stripped",""
"passed","Mon Oct 07 13:48:38 GMT 2024","Mon Oct 07 13:48:38 GMT 2024","1","tests.unit","test_api_es","TestElasticClient","","","test_createFilterClausesAndAggregations_w_format_requestable",""
"passed","Mon Oct 07 13:48:44 GMT 2024","Mon Oct 07 13:48:44 GMT 2024","1","tests.unit","test_sql_mapping","TestSQLMapping","","","test_getFieldData_string",""
"passed","Mon Oct 07 13:48:42 GMT 2024","Mon Oct 07 13:48:42 GMT 2024","0","tests.unit","test_opds_feed","TestOPDSFacet","","","test_addComponent_existing",""
"passed","Mon Oct 07 13:48:42 GMT 2024","Mon Oct 07 13:48:42 GMT 2024","0","tests.unit","test_opds_metadata","TestMetadata","","","test_iter_success",""
"passed","Mon Oct 07 13:48:38 GMT 2024","Mon Oct 07 13:48:38 GMT 2024","2","tests.unit","test_api_citation_blueprint","TestCitationBlueprint","","","test_get_citation_three_authors_work",""
"passed","Mon Oct 07 13:48:39 GMT 2024","Mon Oct 07 13:48:39 GMT 2024","1","tests.unit","test_es_manager","TestElasticsearchManager","","","test_deleteWorkRecords",""
"passed","Mon Oct 07 13:48:39 GMT 2024","Mon Oct 07 13:48:39 GMT 2024","0","tests.unit","test_cover_manager","TestCoverManager","","","test_resizeCover_error",""
"passed","Mon Oct 07 13:48:42 GMT 2024","Mon Oct 07 13:48:42 GMT 2024","0","tests.unit","test_nypl_mapping","TestNYPLMapping","","","test_applyFormatting",""
"passed","Mon Oct 07 13:48:39 GMT 2024","Mon Oct 07 13:48:39 GMT 2024","1","tests.unit","test_api_utils","TestAPIUtils","","","test_ReplaceWithPrivateLink",""
"passed","Mon Oct 07 13:48:42 GMT 2024","Mon Oct 07 13:48:42 GMT 2024","0","tests.unit","test_nypl_process","TestNYPLProcess","","","test_fetchBibItems_none",""
"passed","Mon Oct 07 13:48:39 GMT 2024","Mon Oct 07 13:48:39 GMT 2024","1","tests.unit","test_api_opds_blueprint","TestOPDSBlueprint","","","test_addPublications_not_grouped",""
"passed","Mon Oct 07 13:48:43 GMT 2024","Mon Oct 07 13:48:43 GMT 2024","1","tests.unit","test_sfrFile_process","TestS3Process","","","test_runProcess",""
"passed","Mon Oct 07 13:48:41 GMT 2024","Mon Oct 07 13:48:41 GMT 2024","0","tests.unit","test_met_mapping","TestMETMapping","","","test_applyFormatting_missing_fields",""
"passed","Mon Oct 07 13:48:38 GMT 2024","Mon Oct 07 13:48:38 GMT 2024","4","tests.unit","test_api_collection_blueprint","TestCollectionBlueprint","","","test_static_collection_createsuccess",""
"passed","Mon Oct 07 13:48:40 GMT 2024","Mon Oct 07 13:48:40 GMT 2024","2","tests.unit","test_hathitrust_process","TestHathiTrustProcess","","","test_parseHathiDataRow",""
"passed","Mon Oct 07 13:48:41 GMT 2024","Mon Oct 07 13:48:41 GMT 2024","0","tests.unit","test_met_mapping","TestMETMapping","","","test_applyFormatting_standard",""
"passed","Mon Oct 07 13:48:41 GMT 2024","Mon Oct 07 13:48:41 GMT 2024","1","tests.unit","test_loc_process","TestLOCProcess","","","test_runProcess",""
"passed","Mon Oct 07 13:48:42 GMT 2024","Mon Oct 07 13:48:42 GMT 2024","1","tests.unit","test_opds_group","TestOPDSFacet","","","test_addNavigations",""
"passed","Mon Oct 07 13:48:43 GMT 2024","Mon Oct 07 13:48:43 GMT 2024","1","tests.unit","test_sfrElastic_manager","TestSFRElasticRecordManager","","","test_saveWork",""
"passed","Mon Oct 07 13:48:39 GMT 2024","Mon Oct 07 13:48:39 GMT 2024","1","tests.unit","test_core_mapping","TestCoreMapping","","","test_applyMapping",""
"passed","Mon Oct 07 13:48:41 GMT 2024","Mon Oct 07 13:48:41 GMT 2024","0","tests.unit","test_met_mapping","TestMETMapping","","","test_createMapping",""
"passed","Mon Oct 07 13:48:39 GMT 2024","Mon Oct 07 13:48:39 GMT 2024","2","tests.unit","test_api_utils","TestAPIUtils","","","test_formatEdition_w_records",""
"passed","Mon Oct 07 13:48:38 GMT 2024","Mon Oct 07 13:48:38 GMT 2024","3","tests.unit","test_api_collection_blueprint","TestCollectionBlueprint","","","test_collection_delete_error",""
"passed","Mon Oct 07 13:48:40 GMT 2024","Mon Oct 07 13:48:40 GMT 2024","4","tests.unit","test_hathitrust_process","TestHathiTrustProcess","","","test_importFromHathiFile_success",""
"passed","Mon Oct 07 13:48:42 GMT 2024","Mon Oct 07 13:48:42 GMT 2024","1","tests.unit","test_opds_feed","TestOPDSFacet","","","test_addGroups",""
"passed","Mon Oct 07 13:48:38 GMT 2024","Mon Oct 07 13:48:38 GMT 2024","0","tests.unit","test_api_es","TestElasticClient","","","test_executeSearchQuery_standard",""
"passed","Mon Oct 07 13:48:39 GMT 2024","Mon Oct 07 13:48:39 GMT 2024","1","tests.unit","test_api_opds_blueprint","TestOPDSBlueprint","","","test_createPublicationObject",""
"passed","Mon Oct 07 13:48:38 GMT 2024","Mon Oct 07 13:48:38 GMT 2024","0","tests.unit","test_api_es","TestElasticClient","","","test_escapeSearchQuery_unchanged",""
"passed","Mon Oct 07 13:48:39 GMT 2024","Mon Oct 07 13:48:39 GMT 2024","1","tests.unit","test_doab_process","TestDOABProcess","","","test_downloadOAIRecords_error",""
"passed","Mon Oct 07 13:48:43 GMT 2024","Mon Oct 07 13:48:43 GMT 2024","2","tests.unit","test_s3_manager","TestS3Manager","","","test_putObjectInBucket_success_epub",""
"passed","Mon Oct 07 13:48:42 GMT 2024","Mon Oct 07 13:48:42 GMT 2024","1","tests.unit","test_opds_publication","TestOPDSPublication","","","test_addEdition_object",""
"passed","Mon Oct 07 13:48:39 GMT 2024","Mon Oct 07 13:48:39 GMT 2024","3","tests.unit","test_api_utils","TestAPIUtils","","","test_formatWork_blocked_edition",""
"passed","Mon Oct 07 13:48:41 GMT 2024","Mon Oct 07 13:48:42 GMT 2024","145","tests.unit","test_muse_manager","TestMUSEManager","","","test_loadMusePage_error",""
"passed","Mon Oct 07 13:48:40 GMT 2024","Mon Oct 07 13:48:40 GMT 2024","2","tests.unit","test_kmeans_manager","TestKMeansModel","","","test_createPipeline",""
"passed","Mon Oct 07 13:48:43 GMT 2024","Mon Oct 07 13:48:43 GMT 2024","1","tests.unit","test_sfrFile_process","TestS3Process","","","test_getFileContents_success",""
"passed","Mon Oct 07 13:48:42 GMT 2024","Mon Oct 07 13:48:42 GMT 2024","0","tests.unit","test_nypl_process","TestNYPLProcess","","","test_getCopyrightStatus_no_registrations",""
"passed","Mon Oct 07 13:48:43 GMT 2024","Mon Oct 07 13:48:43 GMT 2024","0","tests.unit","test_parser_springer","TestSpringerParser","","","test_validateAltLinkFormats_false_bad_link",""
"passed","Mon Oct 07 13:48:40 GMT 2024","Mon Oct 07 13:48:40 GMT 2024","1","tests.unit","test_json_mapping","TestJSONMapping","","","test_applyMapping_full_document",""
"passed","Mon Oct 07 13:48:43 GMT 2024","Mon Oct 07 13:48:43 GMT 2024","1","tests.unit","test_parser_springer","TestSpringerParser","","","test_createEPubLinks_missing",""
"passed","Mon Oct 07 13:48:39 GMT 2024","Mon Oct 07 13:48:39 GMT 2024","0","tests.unit","test_api_utils","TestAPIUtils","","","test_extractParamPairs_dangling_quotation",""
"passed","Mon Oct 07 13:48:39 GMT 2024","Mon Oct 07 13:48:39 GMT 2024","1","tests.unit","test_core_process","TestCoreProcess","","","test_coreProcess_initial_values",""
"passed","Mon Oct 07 13:48:39 GMT 2024","Mon Oct 07 13:48:39 GMT 2024","1","tests.unit","test_es_manager","TestElasticsearchManager","","","test_upsertGenerator",""
"passed","Mon Oct 07 13:48:42 GMT 2024","Mon Oct 07 13:48:42 GMT 2024","2","tests.unit","test_muse_process","TestMUSEProcess","","","test_importMARCRecords_full",""
"passed","Mon Oct 07 13:48:41 GMT 2024","Mon Oct 07 13:48:41 GMT 2024","0","tests.unit","test_loc_mapping","TestLOCMapping","","","test_createMapping",""
"passed","Mon Oct 07 13:48:39 GMT 2024","Mon Oct 07 13:48:39 GMT 2024","1","tests.unit","test_api_opds_utils","TestOPDSUtils","","","test_addPagingOptions",""
"passed","Mon Oct 07 13:48:41 GMT 2024","Mon Oct 07 13:48:41 GMT 2024","2","tests.unit","test_kmeans_manager","TestKMeansModel","","","test_getPubDateFloat_neither",""
"passed","Mon Oct 07 13:48:38 GMT 2024","Mon Oct 07 13:48:38 GMT 2024","2","tests.unit","test_api_db","TestDBClient","","","test_fetchCollections",""
"passed","Mon Oct 07 13:48:43 GMT 2024","Mon Oct 07 13:48:43 GMT 2024","0","tests.unit","test_sfrRecord_manager","TestSFRRecordManager","","","test_parseLinkFlags",""
"passed","Mon Oct 07 13:48:38 GMT 2024","Mon Oct 07 13:48:38 GMT 2024","1","tests.unit","test_api_es","TestElasticClient","","","test_applyFilters_no_filters_date_ort",""
"passed","Mon Oct 07 13:48:42 GMT 2024","Mon Oct 07 13:48:42 GMT 2024","1","tests.unit","test_oclcClassify_process","TestOCLCClassifyProcess","","","test_frbrizeRecord_success_author_missing",""
"passed","Mon Oct 07 13:48:41 GMT 2024","Mon Oct 07 13:48:41 GMT 2024","1","tests.unit","test_migration_process","TestMigrationProcess","","","test_api_runProcess",""
"passed","Mon Oct 07 13:48:41 GMT 2024","Mon Oct 07 13:48:41 GMT 2024","0","tests.unit","test_main_process","TestMainProcess","","","test_argParser_allArgs_longform",""
"passed","Mon Oct 07 13:48:43 GMT 2024","Mon Oct 07 13:48:43 GMT 2024","3","tests.unit","test_sfrCluster_process","TestSFRClusterProcess","","","test_clusterRecord_error",""
"passed","Mon Oct 07 13:48:38 GMT 2024","Mon Oct 07 13:48:38 GMT 2024","0","tests.unit","test_api_citation_blueprint","TestCitationBlueprint","","","test_get_citation_invalid_id",""
"passed","Mon Oct 07 13:48:43 GMT 2024","Mon Oct 07 13:48:43 GMT 2024","0","tests.unit","test_sfrRecord_manager","TestSFRRecordManager","","","test_publicationDateCheck5",""
"passed","Mon Oct 07 13:48:42 GMT 2024","Mon Oct 07 13:48:42 GMT 2024","0","tests.unit","test_opds_image","TestImage","","","test_repr",""
"passed","Mon Oct 07 13:48:37 GMT 2024","Mon Oct 07 13:48:37 GMT 2024","0","tests.unit","test_UofM_mapping","TestUofMMapping","","","test_createMapping",""
"passed","Mon Oct 07 13:48:39 GMT 2024","Mon Oct 07 13:48:39 GMT 2024","2","tests.unit","test_api_utils","TestAPIUtils","","","test_formatEdition_v2_reader_flag_2",""
"passed","Mon Oct 07 13:48:39 GMT 2024","Mon Oct 07 13:48:39 GMT 2024","2","tests.unit","test_api_utils_blueprint","TestUtilsBlueprint","","","test_get_languages",""
"passed","Mon Oct 07 13:48:38 GMT 2024","Mon Oct 07 13:48:38 GMT 2024","1","tests.unit","test_api_es","TestElasticClient","","","test_addFiltersAndAggregations",""
"passed","Mon Oct 07 13:48:38 GMT 2024","Mon Oct 07 13:48:38 GMT 2024","1","tests.unit","test_api_app","TestFlaskAPI","","","test_run_production",""
"passed","Mon Oct 07 13:48:39 GMT 2024","Mon Oct 07 13:48:39 GMT 2024","0","tests.unit","test_api_utils","TestAPIUtils","","","test_formatTotals",""
"passed","Mon Oct 07 13:48:41 GMT 2024","Mon Oct 07 13:48:41 GMT 2024","2","tests.unit","test_met_process","TestMetProcess","","","test_processMetRecord_error",""
"passed","Mon Oct 07 13:48:42 GMT 2024","Mon Oct 07 13:48:42 GMT 2024","2","tests.unit","test_oclcCatalog_process","TestOCLCCatalogProcess","","","test_runProcess",""
"passed","Mon Oct 07 13:48:38 GMT 2024","Mon Oct 07 13:48:38 GMT 2024","1","tests.unit","test_api_es","TestElasticClient","","","test_addSortClause_date_w_filters_and_language",""
"passed","Mon Oct 07 13:48:42 GMT 2024","Mon Oct 07 13:48:42 GMT 2024","2","tests.unit","test_opds_facet","TestOPDSFacet","","","test_addLink_object",""
"passed","Mon Oct 07 13:48:42 GMT 2024","Mon Oct 07 13:48:42 GMT 2024","1","tests.unit","test_opds_navigation","TestNavigation","","","test_addFields_dict",""
"passed","Mon Oct 07 13:48:39 GMT 2024","Mon Oct 07 13:48:39 GMT 2024","0","tests.unit","test_api_utils","TestAPIUtils","","","test_formatPipeDelimitedData_string",""
"passed","Mon Oct 07 13:48:39 GMT 2024","Mon Oct 07 13:48:39 GMT 2024","0","tests.unit","test_custom_formatter_mapping","TestCustomFormatter","","","test_format_positional_only_empty",""
"passed","Mon Oct 07 13:48:38 GMT 2024","Mon Oct 07 13:48:38 GMT 2024","3","tests.unit","test_api_citation_blueprint","TestCitationBlueprint","","","test_get_citation_trans_success",""
"passed","Mon Oct 07 13:48:43 GMT 2024","Mon Oct 07 13:48:43 GMT 2024","1","tests.unit","test_redis_manager","TestRedisManager","","","test_checkIncrementerRedis_true",""
"passed","Mon Oct 07 13:48:43 GMT 2024","Mon Oct 07 13:48:43 GMT 2024","0","tests.unit","test_sfrRecord_manager","TestSFRRecordManager","","","test_getLanguage_all_values_match_iso_639_2_b",""
"passed","Mon Oct 07 13:48:41 GMT 2024","Mon Oct 07 13:48:41 GMT 2024","1","tests.unit","test_main_process","TestMainProcess","","","test_argParser_allArgs_shortform",""
"passed","Mon Oct 07 13:48:38 GMT 2024","Mon Oct 07 13:48:38 GMT 2024","4","tests.unit","test_api_collection_blueprint","TestCollectionBlueprint","","","test_get_collections_success",""
"passed","Mon Oct 07 13:48:42 GMT 2024","Mon Oct 07 13:48:42 GMT 2024","1","tests.unit","test_opds_feed","TestOPDSFacet","","","test_addFacets",""
"passed","Mon Oct 07 13:48:43 GMT 2024","Mon Oct 07 13:48:43 GMT 2024","0","tests.unit","test_sfrRecord_manager","TestSFRRecordManager","","","test_parseDelimitedEntry_custom_function_custom_type",""
"passed","Mon Oct 07 13:48:39 GMT 2024","Mon Oct 07 13:48:39 GMT 2024","3","tests.unit","test_cover_process","TestCoverProcess","","","test_generateQuery_custom_date",""
"passed","Mon Oct 07 13:48:40 GMT 2024","Mon Oct 07 13:48:40 GMT 2024","0","tests.unit","test_fetcher_hathitrust_page","TestHathiPage","","","test_getPageNumber_missing",""
"passed","Mon Oct 07 13:48:40 GMT 2024","Mon Oct 07 13:48:40 GMT 2024","0","tests.unit","test_json_mapping","TestJSONMapping","","","test_formatString_multi_field",""
"passed","Mon Oct 07 13:48:38 GMT 2024","Mon Oct 07 13:48:38 GMT 2024","2","tests.unit","test_api_citation_blueprint","TestCitationBlueprint","","","test_get_citation_two_authors_work",""
"passed","Mon Oct 07 13:48:42 GMT 2024","Mon Oct 07 13:48:42 GMT 2024","0","tests.unit","test_oclcCatalog_mapping","TestCatalogMapping","","","test_createMapping",""
"passed","Mon Oct 07 13:48:41 GMT 2024","Mon Oct 07 13:48:41 GMT 2024","2","tests.unit","test_loc_process","TestLOCProcess","","","test_storeEpubsInS3",""
"passed","Mon Oct 07 13:48:40 GMT 2024","Mon Oct 07 13:48:40 GMT 2024","3","tests.unit","test_hathitrust_process","TestHathiTrustProcess","","","test_importFromHathiTrustDataFile_standard",""
"passed","Mon Oct 07 13:48:38 GMT 2024","Mon Oct 07 13:48:38 GMT 2024","4","tests.unit","test_api_collection_blueprint","TestCollectionBlueprint","","","test_collection_create_error",""
"passed","Mon Oct 07 13:48:42 GMT 2024","Mon Oct 07 13:48:42 GMT 2024","3","tests.unit","test_nypl_process","TestNYPLProcess","","","test_importBibRecords_full_batch",""
"passed","Mon Oct 07 13:48:39 GMT 2024","Mon Oct 07 13:48:39 GMT 2024","2","tests.unit","test_api_utils_blueprint","TestUtilsBlueprint","","","test_get_counts_error",""
"passed","Mon Oct 07 13:48:39 GMT 2024","Mon Oct 07 13:48:39 GMT 2024","1","tests.unit","test_cover_process","TestCoverProcess","","","test_fetchEditionCovers",""
"passed","Mon Oct 07 13:48:39 GMT 2024","Mon Oct 07 13:48:39 GMT 2024","2","tests.unit","test_cover_process","TestCoverProcess","","","test_searchForCover_missing",""
"passed","Mon Oct 07 13:48:42 GMT 2024","Mon Oct 07 13:48:42 GMT 2024","0","tests.unit","test_opds_feed","TestOPDSFacet","","","test_addLinks",""
"passed","Mon Oct 07 13:48:43 GMT 2024","Mon Oct 07 13:48:43 GMT 2024","0","tests.unit","test_sfrElastic_manager","TestSFRElasticRecordManager","","","test_addAgent_without_roles_default",""
"passed","Mon Oct 07 13:48:43 GMT 2024","Mon Oct 07 13:48:43 GMT 2024","1","tests.unit","test_parser_abstract","TestAbstractParser","","","test_generateManifest",""
"passed","Mon Oct 07 13:48:43 GMT 2024","Mon Oct 07 13:48:43 GMT 2024","1","tests.unit","test_s3_manager","TestS3Manager","","","test_createS3Client",""
"passed","Mon Oct 07 13:48:42 GMT 2024","Mon Oct 07 13:48:42 GMT 2024","0","tests.unit","test_oclc_bib_mapping","","","","test_oclc_bib_mapping_full_name",""
"passed","Mon Oct 07 13:48:40 GMT 2024","Mon Oct 07 13:48:40 GMT 2024","2","tests.unit","test_gutenberg_process","TestGutenbergProcess","","","test_processGutenbergBatch",""
"passed","Mon Oct 07 13:48:38 GMT 2024","Mon Oct 07 13:48:38 GMT 2024","5","tests.unit","test_api_collection_blueprint","TestCollectionBlueprint","","","test_construct_opds_feed_success",""
"passed","Mon Oct 07 13:48:43 GMT 2024","Mon Oct 07 13:48:43 GMT 2024","1","tests.unit","test_parser_mdpi","TestMDPIParser","","","test_createLinks",""
"passed","Mon Oct 07 13:48:42 GMT 2024","Mon Oct 07 13:48:42 GMT 2024","3","tests.unit","test_nyplAPI_manager","TestNYPLApiManager","","","test_queyApi_tokenExpired",""
"passed","Mon Oct 07 13:48:38 GMT 2024","Mon Oct 07 13:48:38 GMT 2024","2","tests.unit","test_api_es","TestElasticClient","","","test_generateSearchQuery_keyword_search",""
"passed","Mon Oct 07 13:48:39 GMT 2024","Mon Oct 07 13:48:39 GMT 2024","5","tests.unit","test_api_opds_blueprint","TestOPDSBlueprint","","","test_opdsSearch",""
"passed","Mon Oct 07 13:48:42 GMT 2024","Mon Oct 07 13:48:42 GMT 2024","2","tests.unit","test_muse_process","TestMUSEProcess","","","test_importMARCRecords_custom",""
"passed","Mon Oct 07 13:48:40 GMT 2024","Mon Oct 07 13:48:40 GMT 2024","0","tests.unit","test_gutenberg_manager","TestGutenbergManager","","","test_fetchFilesForRecord",""
"passed","Mon Oct 07 13:48:39 GMT 2024","Mon Oct 07 13:48:39 GMT 2024","1","tests.unit","test_api_utils","TestAPIUtils","","","test_extractParamPairs_semantic_semicolon",""
"passed","Mon Oct 07 13:48:41 GMT 2024","Mon Oct 07 13:48:41 GMT 2024","1","tests.unit","test_muse_manager","TestMUSEManager","","","test_addReadableLinks_epub",""
"passed","Mon Oct 07 13:48:43 GMT 2024","Mon Oct 07 13:48:43 GMT 2024","0","tests.unit","test_parser_frontier","TestFrontierParser","","","test_generateEpubLinks_request_error",""
"passed","Mon Oct 07 13:48:39 GMT 2024","Mon Oct 07 13:48:39 GMT 2024","4","tests.unit","test_api_opds_blueprint","TestOPDSBlueprint","","","test_singlePublicationEndpoint_success",""
"passed","Mon Oct 07 13:48:40 GMT 2024","Mon Oct 07 13:48:40 GMT 2024","1","tests.unit","test_fetcher_hathitrust","TestHathiFetcher","","","test_fetchVolumeCover_mets_error",""
"passed","Mon Oct 07 13:48:42 GMT 2024","Mon Oct 07 13:48:42 GMT 2024","2","tests.unit","test_oclcClassify_process","TestOCLCClassifyProcess","","","test_fetchOCLCCatalogRecords_no_redis_match",""
"passed","Mon Oct 07 13:48:38 GMT 2024","Mon Oct 07 13:48:38 GMT 2024","1","tests.unit","test_api_es","TestElasticClient","","","test_applyAggregation_govDoc_only",""
"passed","Mon Oct 07 13:48:38 GMT 2024","Mon Oct 07 13:48:38 GMT 2024","1","tests.unit","test_api_citation_blueprint","TestCitationBlueprint","","","test_get_citation_fail",""
"passed","Mon Oct 07 13:48:39 GMT 2024","Mon Oct 07 13:48:39 GMT 2024","1","tests.unit","test_api_utils_blueprint","TestUtilsBlueprint","","","test_proxy_response_direct_success",""
"passed","Mon Oct 07 13:48:39 GMT 2024","Mon Oct 07 13:48:39 GMT 2024","3","tests.unit","test_es_manager","TestElasticsearchManager","","","test_saveWorkRecords_retry_failure",""
"passed","Mon Oct 07 13:48:40 GMT 2024","Mon Oct 07 13:48:40 GMT 2024","2","tests.unit","test_gutenberg_process","TestGutenbergProcess","","","test_importRDFRecords_custom",""
"passed","Mon Oct 07 13:48:42 GMT 2024","Mon Oct 07 13:48:42 GMT 2024","1","tests.unit","test_opds_facet","TestOPDSFacet","","","test_dir",""
"passed","Mon Oct 07 13:48:43 GMT 2024","Mon Oct 07 13:48:43 GMT 2024","1","tests.unit","test_parser_degruyter","TestDeGruyterParser","","","test_createLinks_title_match",""
"passed","Mon Oct 07 13:48:41 GMT 2024","Mon Oct 07 13:48:41 GMT 2024","0","tests.unit","test_kmeans_manager","TestKMeansModel","","","test_getPublishers_none",""
"passed","Mon Oct 07 13:48:42 GMT 2024","Mon Oct 07 13:48:42 GMT 2024","1","tests.unit","test_nypl_process","TestNYPLProcess","","","test_isPDResearchBib_pre_1925_research",""
"passed","Mon Oct 07 13:48:43 GMT 2024","Mon Oct 07 13:48:43 GMT 2024","1","tests.unit","test_redis_manager","TestRedisManager","","","test_multiCheckSetRedis",""
"passed","Mon Oct 07 13:48:39 GMT 2024","Mon Oct 07 13:48:39 GMT 2024","1","tests.unit","test_cover_manager","TestCoverManager","","","test_fetchCoverFile",""
"passed","Mon Oct 07 13:48:38 GMT 2024","Mon Oct 07 13:48:38 GMT 2024","1","tests.unit","test_api_db","TestDBClient","","","test_fetchUser",""
"passed","Mon Oct 07 13:48:38 GMT 2024","Mon Oct 07 13:48:38 GMT 2024","2","tests.unit","test_api_citation_blueprint","TestCitationBlueprint","","","test_get_citation_trans_editor_success",""
"passed","Mon Oct 07 13:48:43 GMT 2024","Mon Oct 07 13:48:43 GMT 2024","0","tests.unit","test_sfrRecord_manager","TestSFRRecordManager","","","test_agentParser_single_agent",""
"passed","Mon Oct 07 13:48:38 GMT 2024","Mon Oct 07 13:48:38 GMT 2024","4","tests.unit","test_api_collection_blueprint","TestCollectionBlueprint","","","test_collection_delete_work_edition_success",""
"passed","Mon Oct 07 13:48:41 GMT 2024","Mon Oct 07 13:48:41 GMT 2024","1","tests.unit","test_met_process","TestMetProcess","","","test_importDCRecords",""
"passed","Mon Oct 07 13:48:43 GMT 2024","Mon Oct 07 13:48:43 GMT 2024","0","tests.unit","test_parser_default","TestDefaultParser","","","test_initializer",""
"passed","Mon Oct 07 13:48:42 GMT 2024","Mon Oct 07 13:48:42 GMT 2024","0","tests.unit","test_opds_link","TestLink","","","test_iter_error_unpermitted_field",""
"passed","Mon Oct 07 13:48:39 GMT 2024","Mon Oct 07 13:48:39 GMT 2024","0","tests.unit","test_api_utils","TestAPIUtils","","","test_formatAggregationResult",""
"passed","Mon Oct 07 13:48:43 GMT 2024","Mon Oct 07 13:48:43 GMT 2024","0","tests.unit","test_sfrRecord_manager","TestSFRRecordManager","","","test_addWorkInstanceMetadata",""
"passed","Mon Oct 07 13:48:43 GMT 2024","Mon Oct 07 13:48:43 GMT 2024","1","tests.unit","test_rabbitmq_manager","TestRabbitMQManager","","","test_sendMessageToQueue_string",""
"passed","Mon Oct 07 13:48:42 GMT 2024","Mon Oct 07 13:48:42 GMT 2024","0","tests.unit","test_muse_mapping","","","","test_cleanup_identifier",""
"passed","Mon Oct 07 13:48:40 GMT 2024","Mon Oct 07 13:48:40 GMT 2024","1","tests.unit","test_fetcher_contentcafe","TestContentCafeFetcher","","","test_fetchVolumeCover_missing",""
"passed","Mon Oct 07 13:48:42 GMT 2024","Mon Oct 07 13:48:42 GMT 2024","1","tests.unit","test_opds_feed","TestOPDSFacet","","","test_addNavigation",""
"passed","Mon Oct 07 13:48:39 GMT 2024","Mon Oct 07 13:48:39 GMT 2024","1","tests.unit","test_es_manager","TestElasticsearchManager","","","test_createELasticSearchIndex_skip",""
"passed","Mon Oct 07 13:48:39 GMT 2024","Mon Oct 07 13:48:39 GMT 2024","2","tests.unit","test_doab_process","TestDOABProcess","","","test_runProcess_complete",""
"passed","Mon Oct 07 13:48:38 GMT 2024","Mon Oct 07 13:48:38 GMT 2024","0","tests.unit","test_api_collection_blueprint","TestCollectionBlueprint","","","test_get_collection_invalid_id",""
"passed","Mon Oct 07 13:48:44 GMT 2024","Mon Oct 07 13:48:44 GMT 2024","1","tests.unit","test_smartsheet_manager","TestNYPLApiManager","","","test_createClient",""
"passed","Mon Oct 07 13:48:39 GMT 2024","Mon Oct 07 13:48:39 GMT 2024","0","tests.unit","test_db_manager","TestDBManager","","","test_decryptEnvVar_present",""
"passed","Mon Oct 07 13:48:41 GMT 2024","Mon Oct 07 13:48:41 GMT 2024","0","tests.unit","test_kmeans_yearobject","TestYearObject","","","test_setDecade_start_end",""
"passed","Mon Oct 07 13:48:43 GMT 2024","Mon Oct 07 13:48:43 GMT 2024","0","tests.unit","test_parser_mdpi","TestMDPIParser","","","test_validateURI_false",""
"passed","Mon Oct 07 13:48:38 GMT 2024","Mon Oct 07 13:48:38 GMT 2024","2","tests.unit","test_api_edition_blueprint","TestEditionBlueprint","","","test_get_edition_success_no_format",""
"passed","Mon Oct 07 13:48:38 GMT 2024","Mon Oct 07 13:48:38 GMT 2024","1","tests.unit","test_api_es","TestElasticClient","","","test_generateSearchQuery_title_search",""
"passed","Mon Oct 07 13:48:43 GMT 2024","Mon Oct 07 13:48:43 GMT 2024","1","tests.unit","test_parser_default","TestDefaultParser","","","test_generateS3Root",""
"passed","Mon Oct 07 13:48:42 GMT 2024","Mon Oct 07 13:48:42 GMT 2024","1","tests.unit","test_oclcCatalog_mapping","TestCatalogMapping","","","test_checkIAReadability_missing",""
"passed","Mon Oct 07 13:48:41 GMT 2024","Mon Oct 07 13:48:41 GMT 2024","0","tests.unit","test_kmeans_manager","TestKMeansModel","","","test_getEditionStatement_empty_array",""
"passed","Mon Oct 07 13:48:40 GMT 2024","Mon Oct 07 13:48:40 GMT 2024","2","tests.unit","test_fetcher_hathitrust","TestHathiFetcher","","","test_fetchVolumeCover_error",""
"passed","Mon Oct 07 13:48:44 GMT 2024","Mon Oct 07 13:48:44 GMT 2024","0","tests.unit","test_webpub_manifest","TestPDFManifest","","","test_initializer",""
"passed","Mon Oct 07 13:48:43 GMT 2024","Mon Oct 07 13:48:43 GMT 2024","0","tests.unit","test_parser_default","TestDefaultParser","","","test_createLinks_epub",""
"passed","Mon Oct 07 13:48:43 GMT 2024","Mon Oct 07 13:48:43 GMT 2024","0","tests.unit","test_sfrCluster_process","TestSFRClusterProcess","","","test_tokenizeTitle_success",""
"passed","Mon Oct 07 13:48:40 GMT 2024","Mon Oct 07 13:48:40 GMT 2024","4","tests.unit","test_fetcher_openlibrary","TestOpenLibraryFetcher","","","test_fetchVolumeCover_success",""
"passed","Mon Oct 07 13:48:39 GMT 2024","Mon Oct 07 13:48:39 GMT 2024","1","tests.unit","test_doab_link_manager","TestDOABLinkManager","","","test_findFinalURI_direct",""
"passed","Mon Oct 07 13:48:43 GMT 2024","Mon Oct 07 13:48:43 GMT 2024","1","tests.unit","test_parser_frontier","TestFrontierParser","","","test_checkAvailability",""
"passed","Mon Oct 07 13:48:43 GMT 2024","Mon Oct 07 13:48:43 GMT 2024","44","tests.unit","test_parser_springer","TestSpringerParser","","","test_findOALink",""
"passed","Mon Oct 07 13:48:42 GMT 2024","Mon Oct 07 13:48:42 GMT 2024","0","tests.unit","test_oclc_bib_mapping","","","","test_oclc_bib_mapping_no_second_name",""
"passed","Mon Oct 07 13:48:41 GMT 2024","Mon Oct 07 13:48:41 GMT 2024","1","tests.unit","test_marc_mapping","TestMARCMapping","","","test_getMARCData_standardField",""
"passed","Mon Oct 07 13:48:39 GMT 2024","Mon Oct 07 13:48:39 GMT 2024","1","tests.unit","test_db_manager","TestDBManager","","","test_commitChanges_success",""
"passed","Mon Oct 07 13:48:42 GMT 2024","Mon Oct 07 13:48:42 GMT 2024","1","tests.unit","test_muse_process","TestMUSEProcess","","","test_runProcess_daily",""
"passed","Mon Oct 07 13:48:44 GMT 2024","Mon Oct 07 13:48:44 GMT 2024","0","tests.unit","test_sql_mapping","TestSQLMapping","","","test_getFieldData_list",""
"passed","Mon Oct 07 13:48:38 GMT 2024","Mon Oct 07 13:48:38 GMT 2024","2","tests.unit","test_api_es","TestElasticClient","","","test_searchQuery",""
"passed","Mon Oct 07 13:48:39 GMT 2024","Mon Oct 07 13:48:39 GMT 2024","1","tests.unit","test_api_opds_blueprint","TestOPDSBlueprint","","","test_opdsRootEndpoint",""
"passed","Mon Oct 07 13:48:38 GMT 2024","Mon Oct 07 13:48:38 GMT 2024","2","tests.unit","test_api_collection_blueprint","TestCollectionBlueprint","","","test_construct_sort_method_string",""
"passed","Mon Oct 07 13:48:39 GMT 2024","Mon Oct 07 13:48:39 GMT 2024","0","tests.unit","test_db_manager","TestDBManager","","","test_initializer",""
"passed","Mon Oct 07 13:48:39 GMT 2024","Mon Oct 07 13:48:39 GMT 2024","0","tests.unit","test_es_manager","TestElasticsearchManager","","","test_initializer",""
"passed","Mon Oct 07 13:48:38 GMT 2024","Mon Oct 07 13:48:38 GMT 2024","116","tests.unit","test_api_db","TestDBClient","","","test_createStaticCollection",""
"passed","Mon Oct 07 13:48:40 GMT 2024","Mon Oct 07 13:48:40 GMT 2024","1","tests.unit","test_fetcher_hathitrust","TestHathiFetcher","","","test_hasCover_false",""
"passed","Mon Oct 07 13:48:41 GMT 2024","Mon Oct 07 13:48:41 GMT 2024","1","tests.unit","test_kmeans_manager","TestKMeansModel","","","test_cluster_predict",""
"passed","Mon Oct 07 13:48:39 GMT 2024","Mon Oct 07 13:48:39 GMT 2024","1","tests.unit","test_doab_process","TestDOABProcess","","","test_sendFileToProcessingQueue",""
"passed","Mon Oct 07 13:48:40 GMT 2024","Mon Oct 07 13:48:40 GMT 2024","0","tests.unit","test_json_mapping","TestJSONMapping","","","test_formatString_single_field",""
"passed","Mon Oct 07 13:48:43 GMT 2024","Mon Oct 07 13:48:43 GMT 2024","1","tests.unit","test_s3_manager","TestS3Manager","","","test_getObjectFromBucket_success",""
"passed","Mon Oct 07 13:48:39 GMT 2024","Mon Oct 07 13:48:39 GMT 2024","1","tests.unit","test_doab_process","TestDOABProcess","","","test_parseDOABRecord_error",""
"passed","Mon Oct 07 13:48:38 GMT 2024","Mon Oct 07 13:48:38 GMT 2024","0","tests.unit","test_api_es","TestElasticClient","","","test_escapeSearchQuery_changed",""
"passed","Mon Oct 07 13:48:41 GMT 2024","Mon Oct 07 13:48:41 GMT 2024","2","tests.unit","test_kmeans_manager","TestKMeansModel","","","test_generateClusters_multiple",""
"passed","Mon Oct 07 13:48:41 GMT 2024","Mon Oct 07 13:48:41 GMT 2024","1","tests.unit","test_met_process","TestMetProcess","","","test_processMetBatch",""
"passed","Mon Oct 07 13:48:40 GMT 2024","Mon Oct 07 13:48:40 GMT 2024","2","tests.unit","test_ingestReport_process","TestIngestReportProcess","","","test_getTableCounts",""
"passed","Mon Oct 07 13:48:43 GMT 2024","Mon Oct 07 13:48:43 GMT 2024","1","tests.unit","test_sfrCluster_process","TestSFRClusterProcess","","","test_clusterRecord_w_matching_records",""
"passed","Mon Oct 07 13:48:41 GMT 2024","Mon Oct 07 13:48:41 GMT 2024","1","tests.unit","test_model_record","TestModelRecord","","","test_has_version_french",""
"passed","Mon Oct 07 13:48:39 GMT 2024","Mon Oct 07 13:48:39 GMT 2024","1","tests.unit","test_api_utils","TestAPIUtils","","","test_normalizeQueryParams",""
"passed","Mon Oct 07 13:48:41 GMT 2024","Mon Oct 07 13:48:41 GMT 2024","0","tests.unit","test_model_record","TestModelRecord","","","test_has_version_failure",""
"passed","Mon Oct 07 13:48:42 GMT 2024","Mon Oct 07 13:48:42 GMT 2024","1","tests.unit","test_opds_feed","TestOPDSFacet","","","test_addFacet",""
"passed","Mon Oct 07 13:48:38 GMT 2024","Mon Oct 07 13:48:38 GMT 2024","2","tests.unit","test_api_collection_blueprint","TestCollectionBlueprint","","","test_validate_token_success",""
"passed","Mon Oct 07 13:48:43 GMT 2024","Mon Oct 07 13:48:43 GMT 2024","1","tests.unit","test_parser_default","TestDefaultParser","","","test_createLinks_other",""
"passed","Mon Oct 07 13:48:41 GMT 2024","Mon Oct 07 13:48:41 GMT 2024","1","tests.unit","test_main_process","TestMainProcess","","","test_argParser_missingReqArg",""
"passed","Mon Oct 07 13:48:40 GMT 2024","Mon Oct 07 13:48:40 GMT 2024","1","tests.unit","test_fetcher_openlibrary","TestOpenLibraryFetcher","","","test_hasCover_true",""
"passed","Mon Oct 07 13:48:40 GMT 2024","Mon Oct 07 13:48:40 GMT 2024","3","tests.unit","test_ingestReport_process","TestIngestReportProcess","","","test_generateReport",""
"passed","Mon Oct 07 13:48:39 GMT 2024","Mon Oct 07 13:48:39 GMT 2024","0","tests.unit","test_doab_process","TestDOABProcess","","","test_downloadOAIRecords_resumption",""
"passed","Mon Oct 07 13:48:39 GMT 2024","Mon Oct 07 13:48:39 GMT 2024","0","tests.unit","test_api_utils","TestAPIUtils","","","test_addWorkMeta",""
"passed","Mon Oct 07 13:48:42 GMT 2024","Mon Oct 07 13:48:42 GMT 2024","1","tests.unit","test_oclcCatalog_process","TestOCLCCatalogProcess","","","test_parseCatalogRecord_parsing_failure",""
"passed","Mon Oct 07 13:48:40 GMT 2024","Mon Oct 07 13:48:40 GMT 2024","0","tests.unit","test_fetcher_hathitrust","TestHathiFetcher","","","test_setCoverPageURL",""
"passed","Mon Oct 07 13:48:40 GMT 2024","Mon Oct 07 13:48:40 GMT 2024","1","tests.unit","test_gutenberg_manager","TestGutenbergManager","","","test_parseYAML",""
"passed","Mon Oct 07 13:48:40 GMT 2024","Mon Oct 07 13:48:40 GMT 2024","0","tests.unit","test_gutenberg_manager","TestGutenbergManager","","","test_parseRDF",""
"passed","Mon Oct 07 13:48:38 GMT 2024","Mon Oct 07 13:48:38 GMT 2024","2","tests.unit","test_UofM_process","TestUofMProcess","","","test_processUofMRecord_success",""
"passed","Mon Oct 07 13:48:40 GMT 2024","Mon Oct 07 13:48:40 GMT 2024","2","tests.unit","test_hathitrust_process","TestHathiTrustProcess","","","test_importFromSpecificFile_success",""
"passed","Mon Oct 07 13:48:39 GMT 2024","Mon Oct 07 13:48:39 GMT 2024","1","tests.unit","test_custom_formatter_mapping","TestCustomFormatter","","","test_format_named_key_missing",""
"passed","Mon Oct 07 13:48:38 GMT 2024","Mon Oct 07 13:48:38 GMT 2024","3","tests.unit","test_api_collection_blueprint","TestCollectionBlueprint","","","test_collection_create_invalid",""
"passed","Mon Oct 07 13:48:40 GMT 2024","Mon Oct 07 13:48:40 GMT 2024","1","tests.unit","test_fetcher_hathitrust_page","TestHathiPage","","","test_initializer",""
"passed","Mon Oct 07 13:48:39 GMT 2024","Mon Oct 07 13:48:39 GMT 2024","1","tests.unit","test_db_manager","TestDBManager","","","test_commitChanges_deadlock",""
"passed","Mon Oct 07 13:48:39 GMT 2024","Mon Oct 07 13:48:39 GMT 2024","2","tests.unit","test_doab_process","TestDOABProcess","","","test_runProcess_single",""
"passed","Mon Oct 07 13:48:43 GMT 2024","Mon Oct 07 13:48:43 GMT 2024","0","tests.unit","test_parser_mdpi","TestMDPIParser","","","test_generateManifest",""
"passed","Mon Oct 07 13:48:43 GMT 2024","Mon Oct 07 13:48:43 GMT 2024","2","tests.unit","test_parser_springer","TestSpringerParser","","","test_validateAltLinkFormats_true",""
"passed","Mon Oct 07 13:48:44 GMT 2024","Mon Oct 07 13:48:44 GMT 2024","0","tests.unit","test_sfrRecord_manager","TestSFRRecordManager","","","test_normalizeDates",""
"passed","Mon Oct 07 13:48:38 GMT 2024","Mon Oct 07 13:48:38 GMT 2024","1","tests.unit","test_api_es","TestElasticClient","","","test_addSortClause_author",""
"passed","Mon Oct 07 13:48:38 GMT 2024","Mon Oct 07 13:48:38 GMT 2024","3","tests.unit","test_api_citation_blueprint","TestCitationBlueprint","","","test_get_citation_one_author_work2",""
"passed","Mon Oct 07 13:48:41 GMT 2024","Mon Oct 07 13:48:41 GMT 2024","1","tests.unit","test_loc_process","TestLOCProcess","","","test_createManifestInS3",""
"passed","Mon Oct 07 13:48:42 GMT 2024","Mon Oct 07 13:48:42 GMT 2024","0","tests.unit","test_opds_publication","TestOPDSPublication","","","test_initializer",""
"passed","Mon Oct 07 13:48:40 GMT 2024","Mon Oct 07 13:48:41 GMT 2024","418","tests.unit","test_kmeans_manager","TestKMeansModel","","","test_createDF_maxK_1000_plus",""
"passed","Mon Oct 07 13:48:42 GMT 2024","Mon Oct 07 13:48:42 GMT 2024","1","tests.unit","test_oclcClassify_process","TestOCLCClassifyProcess","","","test_frbrizeRecord_identifier_in_redis",""
"passed","Mon Oct 07 13:48:38 GMT 2024","Mon Oct 07 13:48:38 GMT 2024","2","tests.unit","test_api_collection_blueprint","TestCollectionBlueprint","","","test_get_collections_error",""
"passed","Mon Oct 07 13:48:39 GMT 2024","Mon Oct 07 13:48:39 GMT 2024","2","tests.unit","test_api_utils_blueprint","TestUtilsBlueprint","","","test_get_counts",""
"passed","Mon Oct 07 13:48:40 GMT 2024","Mon Oct 07 13:48:40 GMT 2024","1","tests.unit","test_hathitrust_process","TestHathiTrustProcess","","","test_importFromHathiFile_error",""
"passed","Mon Oct 07 13:48:41 GMT 2024","Mon Oct 07 13:48:41 GMT 2024","0","tests.unit","test_kmeans_yearobject","TestYearObject","","","test_setDecade_start_only",""
"passed","Mon Oct 07 13:48:39 GMT 2024","Mon Oct 07 13:48:39 GMT 2024","2","tests.unit","test_api_link_blueprint","TestLinkBlueprint","","","test_get_link_error",""
"passed","Mon Oct 07 13:48:40 GMT 2024","Mon Oct 07 13:48:40 GMT 2024","1","tests.unit","test_gutenberg_manager","TestGutenbergManager","","","test_fetchGithubRepoBatch_filter_timestamp",""
"passed","Mon Oct 07 13:48:42 GMT 2024","Mon Oct 07 13:48:42 GMT 2024","1","tests.unit","test_nypl_process","TestNYPLProcess","","","test_getCopyrightStatus_has_renewals",""
"passed","Mon Oct 07 13:48:42 GMT 2024","Mon Oct 07 13:48:42 GMT 2024","0","tests.unit","test_opds_group","TestOPDSFacet","","","test_repr",""
"passed","Mon Oct 07 13:48:42 GMT 2024","Mon Oct 07 13:48:42 GMT 2024","0","tests.unit","test_opds_group","TestOPDSFacet","","","test_addPublication_dict",""
"passed","Mon Oct 07 13:48:42 GMT 2024","Mon Oct 07 13:48:42 GMT 2024","1","tests.unit","test_opds_feed","TestOPDSFacet","","","test_iter_error",""
"passed","Mon Oct 07 13:48:42 GMT 2024","Mon Oct 07 13:48:42 GMT 2024","48","tests.unit","test_oclcClassify_process","TestOCLCClassifyProcess","","","test_classifyRecords_not_full",""
"passed","Mon Oct 07 13:48:40 GMT 2024","Mon Oct 07 13:48:40 GMT 2024","1","tests.unit","test_hathitrust_process","TestHathiTrustProcess","","","test_runProcess_custom",""
"passed","Mon Oct 07 13:48:44 GMT 2024","Mon Oct 07 13:48:44 GMT 2024","1","tests.unit","test_webpub_manifest","TestPDFManifest","","","test_addResource_path_duplicate",""
"passed","Mon Oct 07 13:48:40 GMT 2024","Mon Oct 07 13:48:40 GMT 2024","1","tests.unit","test_gutenberg_manager","TestGutenbergManager","","","test_fetchGithubRepoBatch_filter_all",""
"passed","Mon Oct 07 13:48:38 GMT 2024","Mon Oct 07 13:48:38 GMT 2024","0","tests.unit","test_api_es","TestElasticClient","","","test_generateQueryHash",""
"passed","Mon Oct 07 13:48:38 GMT 2024","Mon Oct 07 13:48:38 GMT 2024","1","tests.unit","test_api_es","TestElasticClient","","","test_authorQuery",""
"passed","Mon Oct 07 13:48:43 GMT 2024","Mon Oct 07 13:48:43 GMT 2024","1","tests.unit","test_parser_default","TestDefaultParser","","","test_generateManifest",""
"passed","Mon Oct 07 13:48:42 GMT 2024","Mon Oct 07 13:48:42 GMT 2024","2","tests.unit","test_nyplAPI_manager","TestNYPLApiManager","","","test_generateAccessToken",""
"passed","Mon Oct 07 13:48:42 GMT 2024","Mon Oct 07 13:48:42 GMT 2024","1","tests.unit","test_oclcClassify_process","TestOCLCClassifyProcess","","","test_updateClassifiedRecordsStatus",""
"passed","Mon Oct 07 13:48:43 GMT 2024","Mon Oct 07 13:48:43 GMT 2024","0","tests.unit","test_parser_degruyter","TestDeGruyterParser","","","test_generateManifest",""
"passed","Mon Oct 07 13:48:40 GMT 2024","Mon Oct 07 13:48:40 GMT 2024","1","tests.unit","test_isac_process","TestChicagoISACProcess","","","test_storePDFManifest",""
"passed","Mon Oct 07 13:48:40 GMT 2024","Mon Oct 07 13:48:40 GMT 2024","0","tests.unit","test_gutenberg_manager","TestGutenbergManager","","","test_resetBatch",""
"passed","Mon Oct 07 13:48:42 GMT 2024","Mon Oct 07 13:48:42 GMT 2024","0","tests.unit","test_opds_publication","TestOPDSPublication","","","test_addImage_dict",""
"passed","Mon Oct 07 13:48:38 GMT 2024","Mon Oct 07 13:48:38 GMT 2024","0","tests.unit","test_api_es","TestElasticClient","","","test_getFromSize",""
"passed","Mon Oct 07 13:48:38 GMT 2024","Mon Oct 07 13:48:38 GMT 2024","1","tests.unit","test_api_fulfill_blueprint","TestSearchBlueprint","","","test_fulfill_item_no_bearer_auth",""
"passed","Mon Oct 07 13:48:42 GMT 2024","Mon Oct 07 13:48:42 GMT 2024","0","tests.unit","test_nypl_process","TestNYPLProcess","","","test_loadLocationCodes",""
"passed","Mon Oct 07 13:48:39 GMT 2024","Mon Oct 07 13:48:39 GMT 2024","2","tests.unit","test_cover_manager","TestCoverManager","","","test_resizeCover_square",""
"passed","Mon Oct 07 13:48:39 GMT 2024","Mon Oct 07 13:48:39 GMT 2024","1","tests.unit","test_db_manager","TestDBManager","","","test_bulkSaveObjects_readlock_retry_fail",""
"passed","Mon Oct 07 13:48:43 GMT 2024","Mon Oct 07 13:48:43 GMT 2024","1","tests.unit","test_parser_default","TestDefaultParser","","","test_createLinks_pdf",""
"passed","Mon Oct 07 13:48:42 GMT 2024","Mon Oct 07 13:48:42 GMT 2024","0","tests.unit","test_opds_feed","TestOPDSFacet","","","test_iter_success",""
"passed","Mon Oct 07 13:48:39 GMT 2024","Mon Oct 07 13:48:39 GMT 2024","4","tests.unit","test_api_search_blueprint","TestSearchBlueprint","","","test_query",""
"passed","Mon Oct 07 13:48:41 GMT 2024","Mon Oct 07 13:48:41 GMT 2024","2","tests.unit","test_main_process","TestMainProcess","","","test_load_env_file_invalid_yaml",""
"passed","Mon Oct 07 13:48:42 GMT 2024","Mon Oct 07 13:48:42 GMT 2024","1","tests.unit","test_oclcClassify_process","TestOCLCClassifyProcess","","","test_fetchOCLCCatalogRecords_redis_match",""
"passed","Mon Oct 07 13:48:43 GMT 2024","Mon Oct 07 13:48:43 GMT 2024","1","tests.unit","test_parser_frontier","TestFrontierParser","","","test_createLinks",""
"passed","Mon Oct 07 13:48:40 GMT 2024","Mon Oct 07 13:48:40 GMT 2024","0","tests.unit","test_gutenberg_manager","TestGutenbergManager","","","test_queryGraphQL_success",""
"passed","Mon Oct 07 13:48:43 GMT 2024","Mon Oct 07 13:48:43 GMT 2024","0","tests.unit","test_rabbitmq_manager","TestRabbitMQManager","","","test_createChannel",""
"passed","Mon Oct 07 13:48:39 GMT 2024","Mon Oct 07 13:48:39 GMT 2024","1","tests.unit","test_api_utils","TestAPIUtils","","","test_formatResponseObject",""
"passed","Mon Oct 07 13:48:42 GMT 2024","Mon Oct 07 13:48:42 GMT 2024","1","tests.unit","test_opds_feed","TestOPDSFacet","","","test_addComponent_new",""
"passed","Mon Oct 07 13:48:39 GMT 2024","Mon Oct 07 13:48:39 GMT 2024","6","tests.unit","test_api_utils","TestAPIUtils","","","test_formatWork_showAll_false",""
"passed","Mon Oct 07 13:48:40 GMT 2024","Mon Oct 07 13:48:40 GMT 2024","0","tests.unit","test_fetcher_hathitrust","TestHathiFetcher","","","test_generateAuth",""
"passed","Mon Oct 07 13:48:41 GMT 2024","Mon Oct 07 13:48:41 GMT 2024","1","tests.unit","test_kmeans_yearobject","TestYearObject","","","test_convertYearDictToStr_start_end",""
"passed","Mon Oct 07 13:48:40 GMT 2024","Mon Oct 07 13:48:40 GMT 2024","1","tests.unit","test_hathitrust_mapping","TestHathingMapping","","","test_applyFormatting_google",""
"passed","Mon Oct 07 13:48:43 GMT 2024","Mon Oct 07 13:48:43 GMT 2024","5","tests.unit","test_sfrRecord_manager","TestSFRRecordManager","","","test_mergeRecords",""
"passed","Mon Oct 07 13:48:42 GMT 2024","Mon Oct 07 13:48:42 GMT 2024","2","tests.unit","test_oclcCatalog_mapping","TestCatalogMapping","","","test_checkIAReadability_false",""
"passed","Mon Oct 07 13:48:41 GMT 2024","Mon Oct 07 13:48:41 GMT 2024","2","tests.unit","test_muse_manager","TestMUSEManager","","","test_identifyReadableVersions_w_epub",""
"passed","Mon Oct 07 13:48:38 GMT 2024","Mon Oct 07 13:48:38 GMT 2024","0","tests.unit","test_api_es","TestElasticClient","","","test_createFilterClausesAndAggregations_w_noGovDoc",""
"passed","Mon Oct 07 13:48:43 GMT 2024","Mon Oct 07 13:48:43 GMT 2024","1","tests.unit","test_rabbitmq_manager","TestRabbitMQManager","","","test_createRabbitConnection",""
"passed","Mon Oct 07 13:48:41 GMT 2024","Mon Oct 07 13:48:41 GMT 2024","31","tests.unit","test_muse_manager","TestMUSEManager","","","test_constructWebpubManifest",""
"passed","Mon Oct 07 13:48:41 GMT 2024","Mon Oct 07 13:48:41 GMT 2024","2","tests.unit","test_main_process","TestMainProcess","","","test_registerProcesses",""
"passed","Mon Oct 07 13:48:39 GMT 2024","Mon Oct 07 13:48:39 GMT 2024","1","tests.unit","test_core_process","TestCoreProcess","","","test_saveRecords",""
"passed","Mon Oct 07 13:48:44 GMT 2024","Mon Oct 07 13:48:44 GMT 2024","0","tests.unit","test_webpub_manifest","TestPDFManifest","","","test_addReadingOrder",""
"passed","Mon Oct 07 13:48:43 GMT 2024","Mon Oct 07 13:48:43 GMT 2024","1","tests.unit","test_sfrRecord_manager","TestSFRRecordManager","","","test_buildWork",""
"passed","Mon Oct 07 13:48:43 GMT 2024","Mon Oct 07 13:48:43 GMT 2024","1","tests.unit","test_opds_publication","TestOPDSPublication","","","test_iter_error",""
"passed","Mon Oct 07 13:48:40 GMT 2024","Mon Oct 07 13:48:40 GMT 2024","1","tests.unit","test_fetcher_hathitrust","TestHathiFetcher","","","test_hasCover_true",""
"passed","Mon Oct 07 13:48:41 GMT 2024","Mon Oct 07 13:48:41 GMT 2024","0","tests.unit","test_kmeans_manager","TestKMeansModel","","","test_getEditionStatement_no_value",""
"passed","Mon Oct 07 13:48:39 GMT 2024","Mon Oct 07 13:48:39 GMT 2024","0","tests.unit","test_fetcher_contentcafe","TestContentCafeFetcher","","","test_hasCover_true",""
"passed","Mon Oct 07 13:48:39 GMT 2024","Mon Oct 07 13:48:39 GMT 2024","1","tests.unit","test_api_utils","TestAPIUtils","","","test_flatten_nested",""
"passed","Mon Oct 07 13:48:43 GMT 2024","Mon Oct 07 13:48:43 GMT 2024","1","tests.unit","test_sfrCluster_process","TestSFRClusterProcess","","","test_tokenizeTitle_error",""
"passed","Mon Oct 07 13:48:42 GMT 2024","Mon Oct 07 13:48:42 GMT 2024","0","tests.unit","test_opds_facet","TestOPDSFacet","","","test_addMetadata",""
"passed","Mon Oct 07 13:48:38 GMT 2024","Mon Oct 07 13:48:38 GMT 2024","0","tests.unit","test_api_es","TestElasticClient","","","test_geneateDateRange_start_end",""
"passed","Mon Oct 07 13:48:39 GMT 2024","Mon Oct 07 13:48:39 GMT 2024","1","tests.unit","test_db_manager","TestDBManager","","","test_bulkSaveObjects_default",""
"passed","Mon Oct 07 13:48:43 GMT 2024","Mon Oct 07 13:48:43 GMT 2024","3","tests.unit","test_sfrRecord_manager","TestSFRRecordManager","","","test_dedupeIdentifiers",""
"passed","Mon Oct 07 13:48:43 GMT 2024","Mon Oct 07 13:48:43 GMT 2024","1","tests.unit","test_parser_springer","TestSpringerParser","","","test_checkAvailability",""
"passed","Mon Oct 07 13:48:42 GMT 2024","Mon Oct 07 13:48:42 GMT 2024","0","tests.unit","test_nyplAPI_manager","TestNYPLApiManager","","","test_createClient",""
"passed","Mon Oct 07 13:48:38 GMT 2024","Mon Oct 07 13:48:38 GMT 2024","1","tests.unit","test_api_es","TestElasticClient","","","test_identifierQuery_OnlyIdentifier",""
"passed","Mon Oct 07 13:48:41 GMT 2024","Mon Oct 07 13:48:41 GMT 2024","1","tests.unit","test_kmeans_manager","TestKMeansModel","","","test_getPubDateFloat_bad_value",""
"passed","Mon Oct 07 13:48:43 GMT 2024","Mon Oct 07 13:48:43 GMT 2024","2","tests.unit","test_sfrRecord_manager","TestSFRRecordManager","","","test_buildEditionStructure",""
"passed","Mon Oct 07 13:48:39 GMT 2024","Mon Oct 07 13:48:39 GMT 2024","3","tests.unit","test_api_search_blueprint","TestSearchBlueprint","","","test_query_elastic_error",""
"passed","Mon Oct 07 13:48:39 GMT 2024","Mon Oct 07 13:48:39 GMT 2024","0","tests.unit","test_db_manager","TestDBManager","","","test_generateEngine_error",""
"passed","Mon Oct 07 13:48:43 GMT 2024","Mon Oct 07 13:48:43 GMT 2024","0","tests.unit","test_parser_springer","TestSpringerParser","","","test_createLinks",""
"passed","Mon Oct 07 13:48:41 GMT 2024","Mon Oct 07 13:48:41 GMT 2024","1","tests.unit","test_kmeans_yearobject","TestYearObject","","","test_setYearComponents",""
"passed","Mon Oct 07 13:48:43 GMT 2024","Mon Oct 07 13:48:43 GMT 2024","0","tests.unit","test_parser_springer","TestSpringerParser","","","test_createEPubLinks",""
"passed","Mon Oct 07 13:48:40 GMT 2024","Mon Oct 07 13:48:40 GMT 2024","0","tests.unit","test_fetchers_abstract","TestAbstractFetcher","","","test_downloadCoverFile",""
"passed","Mon Oct 07 13:48:43 GMT 2024","Mon Oct 07 13:48:43 GMT 2024","0","tests.unit","test_opds_publication","TestOPDSPublication","","","test_dir",""
"passed","Mon Oct 07 13:48:43 GMT 2024","Mon Oct 07 13:48:43 GMT 2024","1","tests.unit","test_redis_manager","TestRedisManager","","","test_setIncrementerRedis",""
"passed","Mon Oct 07 13:48:38 GMT 2024","Mon Oct 07 13:48:38 GMT 2024","2","tests.unit","test_api_collection_blueprint","TestCollectionBlueprint","","","test_get_collection_success",""
"passed","Mon Oct 07 13:48:42 GMT 2024","Mon Oct 07 13:48:42 GMT 2024","1","tests.unit","test_opds_link","TestLink","","","test_iter_success",""
"passed","Mon Oct 07 13:48:42 GMT 2024","Mon Oct 07 13:48:42 GMT 2024","0","tests.unit","test_opds_navigation","TestNavigation","","","test_addFields_list",""
"passed","Mon Oct 07 13:48:39 GMT 2024","Mon Oct 07 13:48:39 GMT 2024","1","tests.unit","test_es_manager","TestElasticsearchManager","","","test_saveWorkRecords_success",""
"passed","Mon Oct 07 13:48:43 GMT 2024","Mon Oct 07 13:48:43 GMT 2024","1","tests.unit","test_redis_manager","TestRedisManager","","","test_multiSetRedis",""
"passed","Mon Oct 07 13:48:41 GMT 2024","Mon Oct 07 13:48:41 GMT 2024","2","tests.unit","test_kmeans_manager","TestKMeansModel","","","test_generateClusters_single",""
"passed","Mon Oct 07 13:48:43 GMT 2024","Mon Oct 07 13:48:43 GMT 2024","0","tests.unit","test_parser_abstract","TestAbstractParser","","","test_createLinks",""
"passed","Mon Oct 07 13:48:42 GMT 2024","Mon Oct 07 13:48:42 GMT 2024","0","tests.unit","test_opds_navigation","TestNavigation","","","test_iter_error_missing_field",""
"passed","Mon Oct 07 13:48:40 GMT 2024","Mon Oct 07 13:48:40 GMT 2024","1","tests.unit","test_gutenberg_manager","TestGutenbergManager","","","test_fetchGithubRepoBatch_with_cursor",""
"passed","Mon Oct 07 13:48:39 GMT 2024","Mon Oct 07 13:48:39 GMT 2024","3","tests.unit","test_api_utils","TestAPIUtils","","","test_formatEdition_v1_reader_flag",""
"passed","Mon Oct 07 13:48:43 GMT 2024","Mon Oct 07 13:48:43 GMT 2024","0","tests.unit","test_parser_frontier","TestFrontierParser","","","test_initializer",""
"passed","Mon Oct 07 13:48:39 GMT 2024","Mon Oct 07 13:48:39 GMT 2024","0","tests.unit","test_api_utils","TestAPIUtils","","","test_extractParamPairs_comma_delimited_quotes",""
"passed","Mon Oct 07 13:48:43 GMT 2024","Mon Oct 07 13:48:43 GMT 2024","3","tests.unit","test_sfrCluster_process","TestSFRClusterProcess","","","test_getRecordBatches",""
"passed","Mon Oct 07 13:48:40 GMT 2024","Mon Oct 07 13:48:40 GMT 2024","0","tests.unit","test_fetcher_googlebooks","TestGoogleBooksFetcher","","","test_fetchVolume_success",""
"passed","Mon Oct 07 13:48:43 GMT 2024","Mon Oct 07 13:48:43 GMT 2024","0","tests.unit","test_sfrCluster_process","TestSFRClusterProcess","","","test_formatIdenArray",""
"passed","Mon Oct 07 13:48:39 GMT 2024","Mon Oct 07 13:48:39 GMT 2024","2","tests.unit","test_doab_process","TestDOABProcess","","","test_importSingleOAIRecord_request_error",""
"passed","Mon Oct 07 13:48:40 GMT 2024","Mon Oct 07 13:48:40 GMT 2024","1","tests.unit","test_gutenberg_mapping","TestGutenbergMapping","","","test_applyFormatting",""
"passed","Mon Oct 07 13:48:38 GMT 2024","Mon Oct 07 13:48:38 GMT 2024","1","tests.unit","test_api_collection_blueprint","TestCollectionBlueprint","","","test_construct_sort_methodint_reversed",""
"passed","Mon Oct 07 13:48:38 GMT 2024","Mon Oct 07 13:48:38 GMT 2024","2","tests.unit","test_api_edition_blueprint","TestEditionBlueprint","","","test_get_edition_error",""
"passed","Mon Oct 07 13:48:42 GMT 2024","Mon Oct 07 13:48:42 GMT 2024","4","tests.unit","test_opds_publication","TestOPDSPublication","","","test_parseEditionToPublication_ReaderFlagFalse",""
"passed","Mon Oct 07 13:48:38 GMT 2024","Mon Oct 07 13:48:38 GMT 2024","0","tests.unit","test_api_es","TestElasticClient","","","test_createFilterClausesAndAggregations_w_format_error",""
"passed","Mon Oct 07 13:48:39 GMT 2024","Mon Oct 07 13:48:39 GMT 2024","1","tests.unit","test_db_manager","TestDBManager","","","test_startSession",""
"passed","Mon Oct 07 13:48:42 GMT 2024","Mon Oct 07 13:48:42 GMT 2024","0","tests.unit","test_opds_facet","TestOPDSFacet","","","test_initializer",""
"passed","Mon Oct 07 13:48:39 GMT 2024","Mon Oct 07 13:48:39 GMT 2024","0","tests.unit","test_cover_manager","TestCoverManager","","","test_loadFetchers",""
"passed","Mon Oct 07 13:48:43 GMT 2024","Mon Oct 07 13:48:43 GMT 2024","1","tests.unit","test_redis_manager","TestRedisManager","","","test_checkSetRedis_key_found_recent",""
"passed","Mon Oct 07 13:48:42 GMT 2024","Mon Oct 07 13:48:42 GMT 2024","3","tests.unit","test_muse_process","TestMUSEProcess","","","test_importMARCRecords_daily",""
"passed","Mon Oct 07 13:48:40 GMT 2024","Mon Oct 07 13:48:40 GMT 2024","0","tests.unit","test_isac_mapping","TestISACMapping","","","test_createMapping",""
"passed","Mon Oct 07 13:48:39 GMT 2024","Mon Oct 07 13:48:39 GMT 2024","2","tests.unit","test_api_work_blueprint","TestWorkBlueprint","","","test_get_work_success_show_all_false",""
"passed","Mon Oct 07 13:48:42 GMT 2024","Mon Oct 07 13:48:42 GMT 2024","1","tests.unit","test_muse_mapping","","","","test_extract_language",""
"passed","Mon Oct 07 13:48:42 GMT 2024","Mon Oct 07 13:48:42 GMT 2024","1","tests.unit","test_nypl_process","TestNYPLProcess","","","test_getCopyrightStatus_api_error",""
"passed","Mon Oct 07 13:48:38 GMT 2024","Mon Oct 07 13:48:38 GMT 2024","3","tests.unit","test_api_collection_blueprint","TestCollectionBlueprint","","","test_collection_delete_work_edition_error",""
"passed","Mon Oct 07 13:48:43 GMT 2024","Mon Oct 07 13:48:43 GMT 2024","6","tests.unit","test_sfrCluster_process","TestSFRClusterProcess","","","test_clusterRecords_full",""
"passed","Mon Oct 07 13:48:39 GMT 2024","Mon Oct 07 13:48:39 GMT 2024","1","tests.unit","test_doab_process","TestDOABProcess","","","test_runProcess_daily",""
"passed","Mon Oct 07 13:48:40 GMT 2024","Mon Oct 07 13:48:40 GMT 2024","2","tests.unit","test_fetcher_contentcafe","TestContentCafeFetcher","","","test_fetchVolumeCover_success",""
"passed","Mon Oct 07 13:48:42 GMT 2024","Mon Oct 07 13:48:42 GMT 2024","0","tests.unit","test_muse_mapping","","","","test_apply_formatting",""
"passed","Mon Oct 07 13:48:38 GMT 2024","Mon Oct 07 13:48:38 GMT 2024","1","tests.unit","test_api_es","TestElasticClient","","","test_executeSearchQuery_cached",""
"passed","Mon Oct 07 13:48:38 GMT 2024","Mon Oct 07 13:48:38 GMT 2024","4","tests.unit","test_api_automatic_collection_utils","","","","test_fetchAutomaticCollectionEditions_searchBased",""
"passed","Mon Oct 07 13:48:40 GMT 2024","Mon Oct 07 13:48:40 GMT 2024","2","tests.unit","test_hathitrust_process","TestHathiTrustProcess","","","test_runProcess_daily",""
"passed","Mon Oct 07 13:48:43 GMT 2024","Mon Oct 07 13:48:43 GMT 2024","1","tests.unit","test_parser_frontier","TestFrontierParser","","","test_generatePDFLinks",""
"passed","Mon Oct 07 13:48:44 GMT 2024","Mon Oct 07 13:48:44 GMT 2024","1","tests.unit","test_sfrRecord_manager","TestSFRRecordManager","","","test_subjectParser_unexpected_heading",""
"passed","Mon Oct 07 13:48:39 GMT 2024","Mon Oct 07 13:48:39 GMT 2024","1","tests.unit","test_csv_mapping","TestCSVMapping","","","test_applyMapping_missing_row",""
"passed","Mon Oct 07 13:48:37 GMT 2024","Mon Oct 07 13:48:37 GMT 2024","1","tests.unit","test_UofM_mapping","TestUofMMapping","","","test_applyFormatting_standard",""
"passed","Mon Oct 07 13:48:43 GMT 2024","Mon Oct 07 13:48:43 GMT 2024","2","tests.unit","test_opds_publication","TestOPDSPublication","","","test_setPreferredLink",""
"passed","Mon Oct 07 13:48:38 GMT 2024","Mon Oct 07 13:48:38 GMT 2024","2","tests.unit","test_api_db","TestDBClient","","","test_fetchSingleWork",""
"passed","Mon Oct 07 13:48:39 GMT 2024","Mon Oct 07 13:48:39 GMT 2024","2","tests.unit","test_core_mapping","TestCoreMapping","","","test_initEmptyRecord",""
"passed","Mon Oct 07 13:48:40 GMT 2024","Mon Oct 07 13:48:40 GMT 2024","0","tests.unit","test_hathitrust_mapping","TestHathingMapping","","","test_createMapping",""
"passed","Mon Oct 07 13:48:43 GMT 2024","Mon Oct 07 13:48:43 GMT 2024","0","tests.unit","test_parser_abstract","TestAbstractParser","","","test_generateS3Root",""
"passed","Mon Oct 07 13:48:43 GMT 2024","Mon Oct 07 13:48:43 GMT 2024","4","tests.unit","test_sfrFile_process","TestS3Process","","","test_storeFilesInS3",""
"passed","Mon Oct 07 13:48:40 GMT 2024","Mon Oct 07 13:48:40 GMT 2024","1","tests.unit","test_fetcher_contentcafe","TestContentCafeFetcher","","","test_hasCover_false",""
"passed","Mon Oct 07 13:48:41 GMT 2024","Mon Oct 07 13:48:41 GMT 2024","0","tests.unit","test_met_process","TestMetProcess","","","test_createManifestInS3",""
"passed","Mon Oct 07 13:48:43 GMT 2024","Mon Oct 07 13:48:43 GMT 2024","1","tests.unit","test_rabbitmq_manager","TestRabbitMQManager","","","test_acknowledgeMessageProcessed",""
"passed","Mon Oct 07 13:48:41 GMT 2024","Mon Oct 07 13:48:41 GMT 2024","1","tests.unit","test_kmeans_manager","TestKMeansModel","","","test_getPubDateObject_range",""
"passed","Mon Oct 07 13:48:41 GMT 2024","Mon Oct 07 13:48:41 GMT 2024","1","tests.unit","test_muse_manager","TestMUSEManager","","","test_parseMusePage_success",""
"passed","Mon Oct 07 13:48:38 GMT 2024","Mon Oct 07 13:48:38 GMT 2024","0","tests.unit","test_UofM_process","TestUofMProcess","","","test_createManifestInS3",""
"passed","Mon Oct 07 13:48:41 GMT 2024","Mon Oct 07 13:48:41 GMT 2024","8","tests.unit","test_main_process","TestMainProcess","","","test_main",""
"passed","Mon Oct 07 13:48:42 GMT 2024","Mon Oct 07 13:48:42 GMT 2024","0","tests.unit","test_opds_facet","TestOPDSFacet","","","test_iter",""
"passed","Mon Oct 07 13:48:43 GMT 2024","Mon Oct 07 13:48:43 GMT 2024","1","tests.unit","test_parser_degruyter","TestDeGruyterParser","","","test_generatePDFLinks",""
"passed","Mon Oct 07 13:48:38 GMT 2024","Mon Oct 07 13:48:38 GMT 2024","4","tests.unit","test_api_citation_blueprint","TestCitationBlueprint","","","test_get_citation_error",""
"passed","Mon Oct 07 13:48:38 GMT 2024","Mon Oct 07 13:48:39 GMT 2024","2","tests.unit","test_api_link_blueprint","TestLinkBlueprint","","","test_get_link_success",""
"passed","Mon Oct 07 13:48:43 GMT 2024","Mon Oct 07 13:48:43 GMT 2024","1","tests.unit","test_s3_manager","TestS3Manager","","","test_putObjectInBucket_error",""
"passed","Mon Oct 07 13:48:42 GMT 2024","Mon Oct 07 13:48:42 GMT 2024","0","tests.unit","test_opds_group","TestOPDSFacet","","","test_iter_error",""
"passed","Mon Oct 07 13:48:42 GMT 2024","Mon Oct 07 13:48:42 GMT 2024","0","tests.unit","test_opds_metadata","TestMetadata","","","test_repr",""
"passed","Mon Oct 07 13:48:39 GMT 2024","Mon Oct 07 13:48:39 GMT 2024","1","tests.unit","test_cover_process","TestCoverProcess","","","test_getEditionIdentifiers",""
"passed","Mon Oct 07 13:48:43 GMT 2024","Mon Oct 07 13:48:43 GMT 2024","1","tests.unit","test_sfrFile_process","TestS3Process","","","test_generateWebpub_success",""
"passed","Mon Oct 07 13:48:39 GMT 2024","Mon Oct 07 13:48:39 GMT 2024","0","tests.unit","test_api_utils","TestAPIUtils","","","test_extractParamPairs_semicolon_no_field",""
"passed","Mon Oct 07 13:48:38 GMT 2024","Mon Oct 07 13:48:38 GMT 2024","3","tests.unit","test_api_citation_blueprint","TestCitationBlueprint","","","test_get_citation_one_author_work",""
"passed","Mon Oct 07 13:48:38 GMT 2024","Mon Oct 07 13:48:38 GMT 2024","0","tests.unit","test_api_es","TestElasticClient","","","test_createFilterClausesAndAggregations_w_language",""
"passed","Mon Oct 07 13:48:40 GMT 2024","Mon Oct 07 13:48:40 GMT 2024","0","tests.unit","test_fetcher_hathitrust_page","TestHathiPage","","","test_getPageNumber_present",""
"passed","Mon Oct 07 13:48:42 GMT 2024","Mon Oct 07 13:48:42 GMT 2024","2","tests.unit","test_nypl_process","TestNYPLProcess","","","test_importBibRecords_full",""
"passed","Mon Oct 07 13:48:42 GMT 2024","Mon Oct 07 13:48:42 GMT 2024","1","tests.unit","test_opds_publication","TestOPDSPublication","","","test_addImages",""
"passed","Mon Oct 07 13:48:39 GMT 2024","Mon Oct 07 13:48:39 GMT 2024","0","tests.unit","test_api_utils","TestAPIUtils","","","test_sortByMediaType",""
"passed","Mon Oct 07 13:48:39 GMT 2024","Mon Oct 07 13:48:39 GMT 2024","1","tests.unit","test_api_utils","TestAPIUtils","","","test_formatLinkOutput",""
"passed","Mon Oct 07 13:48:39 GMT 2024","Mon Oct 07 13:48:39 GMT 2024","0","tests.unit","test_custom_formatter_mapping","TestCustomFormatter","","","test_format_named_value_missing",""
"passed","Mon Oct 07 13:48:38 GMT 2024","Mon Oct 07 13:48:38 GMT 2024","2","tests.unit","test_api_db","TestDBClient","","","test_fetchSingleCollection",""
"passed","Mon Oct 07 13:48:44 GMT 2024","Mon Oct 07 13:48:44 GMT 2024","0","tests.unit","test_xml_mapping","TestXMLMapping","","","test_filterEmptyFields_value_present",""
"passed","Mon Oct 07 13:48:41 GMT 2024","Mon Oct 07 13:48:41 GMT 2024","1","tests.unit","test_marc_mapping","TestMARCMapping","","","test_getMARCData_controlField",""
"passed","Mon Oct 07 13:48:39 GMT 2024","Mon Oct 07 13:48:39 GMT 2024","4","tests.unit","test_api_work_blueprint","TestWorkBlueprint","","","test_get_work_missing",""
"passed","Mon Oct 07 13:48:44 GMT 2024","Mon Oct 07 13:48:44 GMT 2024","1","tests.unit","test_smartsheet_manager","TestNYPLApiManager","","","test_createNewRow",""
"passed","Mon Oct 07 13:48:40 GMT 2024","Mon Oct 07 13:48:40 GMT 2024","1","tests.unit","test_fetcher_googlebooks","TestGoogleBooksFetcher","","","test_downloadCoverFile_success",""
"passed","Mon Oct 07 13:48:38 GMT 2024","Mon Oct 07 13:48:38 GMT 2024","4","tests.unit","test_api_citation_blueprint","TestCitationBlueprint","","","test_get_citation_single_edit_work_success",""
"passed","Mon Oct 07 13:48:43 GMT 2024","Mon Oct 07 13:48:43 GMT 2024","1","tests.unit","test_sfrElastic_manager","TestSFRElasticRecordManager","","","test_saveWork_multi_timeout_raise",""
"passed","Mon Oct 07 13:48:38 GMT 2024","Mon Oct 07 13:48:38 GMT 2024","2","tests.unit","test_UofM_process","TestUofMProcess","","","test_generateManifest",""
"passed","Mon Oct 07 13:48:38 GMT 2024","Mon Oct 07 13:48:38 GMT 2024","1","tests.unit","test_api_automatic_collection_utils","","","","test_fetchAutomaticCollectionEditions_mostRecent",""
"passed","Mon Oct 07 13:48:40 GMT 2024","Mon Oct 07 13:48:40 GMT 2024","2","tests.unit","test_gutenberg_process","TestGutenbergProcess","","","test_runProcess_daily",""
"passed","Mon Oct 07 13:48:38 GMT 2024","Mon Oct 07 13:48:38 GMT 2024","3","tests.unit","test_api_collection_blueprint","TestCollectionBlueprint","","","test_automatic_collection_create_invalid",""
"passed","Mon Oct 07 13:48:43 GMT 2024","Mon Oct 07 13:48:43 GMT 2024","0","tests.unit","test_s3_manager","TestS3Manager","","","test_createS3Bucket_failure",""
"passed","Mon Oct 07 13:48:43 GMT 2024","Mon Oct 07 13:48:43 GMT 2024","0","tests.unit","test_parser_openedition","TestOpenEditionParser","","","test_createPDFLink",""
"passed","Mon Oct 07 13:48:39 GMT 2024","Mon Oct 07 13:48:39 GMT 2024","0","tests.unit","test_doab_mapping","TestDOABMapping","","","test_parseLinks",""
"passed","Mon Oct 07 13:48:39 GMT 2024","Mon Oct 07 13:48:39 GMT 2024","3","tests.unit","test_api_opds_blueprint","TestOPDSBlueprint","","","test_addFacets",""
"passed","Mon Oct 07 13:48:40 GMT 2024","Mon Oct 07 13:48:40 GMT 2024","0","tests.unit","test_json_mapping","TestJSONMapping","","","test_formatString_array",""
"passed","Mon Oct 07 13:48:44 GMT 2024","Mon Oct 07 13:48:44 GMT 2024","3","tests.unit","test_smartsheet_manager","TestNYPLApiManager","","","test_insertRow",""
"passed","Mon Oct 07 13:48:39 GMT 2024","Mon Oct 07 13:48:39 GMT 2024","1","tests.unit","test_doab_process","TestDOABProcess","","","test_importOAIRecords",""
"passed","Mon Oct 07 13:48:41 GMT 2024","Mon Oct 07 13:48:41 GMT 2024","1","tests.unit","test_muse_manager","TestMUSEManager","","","test_parseMusePage_error",""
"passed","Mon Oct 07 13:48:44 GMT 2024","Mon Oct 07 13:48:44 GMT 2024","1","tests.unit","test_sfrRecord_manager","TestSFRRecordManager","","","test_setSortTitle_w_stops",""
"passed","Mon Oct 07 13:48:39 GMT 2024","Mon Oct 07 13:48:39 GMT 2024","1","tests.unit","test_db_manager","TestDBManager","","","test_decryptEnvVar_missing",""
"passed","Mon Oct 07 13:48:42 GMT 2024","Mon Oct 07 13:48:42 GMT 2024","0","tests.unit","test_opds_feed","TestOPDSFacet","","","test_addImages",""
"passed","Mon Oct 07 13:48:39 GMT 2024","Mon Oct 07 13:48:39 GMT 2024","2","tests.unit","test_api_utils_blueprint","TestUtilsBlueprint","","","test_proxy_response_redirect_success",""
"passed","Mon Oct 07 13:48:39 GMT 2024","Mon Oct 07 13:48:39 GMT 2024","1","tests.unit","test_cover_process","TestCoverProcess","","","test_fetchEditionCovers_timeout",""
"passed","Mon Oct 07 13:48:43 GMT 2024","Mon Oct 07 13:48:43 GMT 2024","0","tests.unit","test_sfrElastic_manager","TestSFRElasticRecordManager","","","test_saveWork_single_timeout",""
"passed","Mon Oct 07 13:48:43 GMT 2024","Mon Oct 07 13:48:43 GMT 2024","1","tests.unit","test_redis_manager","TestRedisManager","","","test_setRedis",""
"passed","Mon Oct 07 13:48:39 GMT 2024","Mon Oct 07 13:48:39 GMT 2024","2","tests.unit","test_cover_process","TestCoverProcess","","","test_runProcess",""
"passed","Mon Oct 07 13:48:42 GMT 2024","Mon Oct 07 13:48:42 GMT 2024","1","tests.unit","test_opds_feed","TestOPDSFacet","","","test_addPublication",""
"passed","Mon Oct 07 13:48:43 GMT 2024","Mon Oct 07 13:48:43 GMT 2024","2","tests.unit","test_opds_publication","TestOPDSPublication","","","test_findAndAddCover_not_present",""
"passed","Mon Oct 07 13:48:43 GMT 2024","Mon Oct 07 13:48:43 GMT 2024","0","tests.unit","test_parser_abstract","TestAbstractParser","","","test_validateURI",""
"passed","Mon Oct 07 13:48:40 GMT 2024","Mon Oct 07 13:48:40 GMT 2024","0","tests.unit","test_fetcher_googlebooks","TestGoogleBooksFetcher","","","test_fetchVolume_array_missing",""
"passed","Mon Oct 07 13:48:39 GMT 2024","Mon Oct 07 13:48:39 GMT 2024","2","tests.unit","test_cover_manager","TestCoverManager","","","test_resizeCover_short",""
"passed","Mon Oct 07 13:48:43 GMT 2024","Mon Oct 07 13:48:43 GMT 2024","1","tests.unit","test_parser_degruyter","TestDeGruyterParser","","","test_createLinks_isbn_match",""
"passed","Mon Oct 07 13:48:38 GMT 2024","Mon Oct 07 13:48:38 GMT 2024","0","tests.unit","test_api_es","TestElasticClient","","","test_addSortClause_reverse_true",""
"passed","Mon Oct 07 13:48:41 GMT 2024","Mon Oct 07 13:48:41 GMT 2024","0","tests.unit","test_model_record","TestModelRecord","","","test_has_version_english",""
"passed","Mon Oct 07 13:48:40 GMT 2024","Mon Oct 07 13:48:40 GMT 2024","0","tests.unit","test_fetcher_hathitrust","TestHathiFetcher","","","test_hasCover_fetch_error",""
"passed","Mon Oct 07 13:48:43 GMT 2024","Mon Oct 07 13:48:43 GMT 2024","0","tests.unit","test_parser_springer","TestSpringerParser","","","test_validateURI_true",""
"passed","Mon Oct 07 13:48:40 GMT 2024","Mon Oct 07 13:48:40 GMT 2024","1","tests.unit","test_fetcher_googlebooks","TestGoogleBooksFetcher","","","test_getAPIResponse_error",""
"passed","Mon Oct 07 13:48:43 GMT 2024","Mon Oct 07 13:48:43 GMT 2024","0","tests.unit","test_sfrCluster_process","TestSFRClusterProcess","","","test_findAllMatchingRecords",""
"passed","Mon Oct 07 13:48:43 GMT 2024","Mon Oct 07 13:48:43 GMT 2024","0","tests.unit","test_redis_manager","TestRedisManager","","","test_checkIncrementerRedis_false",""
"passed","Mon Oct 07 13:48:41 GMT 2024","Mon Oct 07 13:48:41 GMT 2024","1","tests.unit","test_kmeans_manager","TestKMeansModel","","","test_getPubDateFloat_bad_string_value",""
"passed","Mon Oct 07 13:48:38 GMT 2024","Mon Oct 07 13:48:38 GMT 2024","0","tests.unit","test_api_es","TestElasticClient","","","test_setPageResultCache",""
"passed","Mon Oct 07 13:48:43 GMT 2024","Mon Oct 07 13:48:43 GMT 2024","1","tests.unit","test_sfrElastic_manager","TestSFRElasticRecordManager","","","test_getCreateWork",""
"passed","Mon Oct 07 13:48:38 GMT 2024","Mon Oct 07 13:48:38 GMT 2024","1","tests.unit","test_api_es","TestElasticClient","","","test_applyFilters_language_filter_only",""
"passed","Mon Oct 07 13:48:40 GMT 2024","Mon Oct 07 13:48:40 GMT 2024","0","tests.unit","test_gutenberg_manager","TestGutenbergManager","","","test_queryGraphQL_unexpected_error",""
"passed","Mon Oct 07 13:48:39 GMT 2024","Mon Oct 07 13:48:39 GMT 2024","0","tests.unit","test_custom_formatter_mapping","TestCustomFormatter","","","test_format_named_only_empty",""
"passed","Mon Oct 07 13:48:38 GMT 2024","Mon Oct 07 13:48:38 GMT 2024","1","tests.unit","test_api_fulfill_blueprint","TestSearchBlueprint","","","test_fulfill_item_invalid_link_id",""
"passed","Mon Oct 07 13:48:42 GMT 2024","Mon Oct 07 13:48:42 GMT 2024","0","tests.unit","test_opds_facet","TestOPDSFacet","","","test_addLink_dict",""
"passed","Mon Oct 07 13:48:39 GMT 2024","Mon Oct 07 13:48:39 GMT 2024","0","tests.unit","test_api_work_blueprint","TestWorkBlueprint","","","test_get_work_invalid_id",""
"passed","Mon Oct 07 13:48:43 GMT 2024","Mon Oct 07 13:48:43 GMT 2024","28","tests.unit","test_sfrRecord_manager","TestSFRRecordManager","","","test_getLanguage_all_values_match_full_name",""
"passed","Mon Oct 07 13:48:42 GMT 2024","Mon Oct 07 13:48:42 GMT 2024","1","tests.unit","test_oclcClassify_process","TestOCLCClassifyProcess","","","test_frbrizeRecord_identifier_missing",""
"passed","Mon Oct 07 13:48:42 GMT 2024","Mon Oct 07 13:48:42 GMT 2024","0","tests.unit","test_opds_group","TestOPDSFacet","","","test_addMetadata",""
"passed","Mon Oct 07 13:48:41 GMT 2024","Mon Oct 07 13:48:41 GMT 2024","2","tests.unit","test_loc_process","TestLOCProcess","","","test_storePDFManifest",""
"passed","Mon Oct 07 13:48:41 GMT 2024","Mon Oct 07 13:48:41 GMT 2024","0","tests.unit","test_kmeans_yearobject","TestYearObject","","","test_iter_for_dict",""
"passed","Mon Oct 07 13:48:39 GMT 2024","Mon Oct 07 13:48:39 GMT 2024","0","tests.unit","test_api_utils","TestAPIUtils","","","test_formatPagingOptions_next_null",""
"passed","Mon Oct 07 13:48:38 GMT 2024","Mon Oct 07 13:48:38 GMT 2024","1","tests.unit","test_api_db","TestDBClient","","","test_fetchRecordsByUUID",""
"passed","Mon Oct 07 13:48:44 GMT 2024","Mon Oct 07 13:48:44 GMT 2024","2","tests.unit","test_xml_mapping","TestXMLMapping","","","test_applyMapping",""
"passed","Mon Oct 07 13:48:41 GMT 2024","Mon Oct 07 13:48:41 GMT 2024","0","tests.unit","test_marc_mapping","TestMARCMapping","","","test_applyMapping",""
"passed","Mon Oct 07 13:48:44 GMT 2024","Mon Oct 07 13:48:44 GMT 2024","1","tests.unit","test_sql_mapping","TestSQLMapping","","","test_applyMapping",""
"passed","Mon Oct 07 13:48:43 GMT 2024","Mon Oct 07 13:48:43 GMT 2024","0","tests.unit","test_sfrRecord_manager","TestSFRRecordManager","","","test_agentParser_multiple_agents_overlap",""
"passed","Mon Oct 07 13:48:39 GMT 2024","Mon Oct 07 13:48:39 GMT 2024","0","tests.unit","test_custom_formatter_mapping","TestCustomFormatter","","","test_format_positional_missing",""
"passed","Mon Oct 07 13:48:38 GMT 2024","Mon Oct 07 13:48:38 GMT 2024","1","tests.unit","test_api_es","TestElasticClient","","","test_applyFilters_language_and_other_filters",""
"passed","Mon Oct 07 13:48:39 GMT 2024","Mon Oct 07 13:48:39 GMT 2024","1","tests.unit","test_doab_mapping","TestDOABMapping","","","test_applyFormatting",""
"passed","Mon Oct 07 13:48:42 GMT 2024","Mon Oct 07 13:48:42 GMT 2024","1","tests.unit","test_opds_facet","TestOPDSFacet","","","test_addLinks",""
"passed","Mon Oct 07 13:48:42 GMT 2024","Mon Oct 07 13:48:42 GMT 2024","0","tests.unit","test_nyplAPI_manager","TestNYPLApiManager","","","test_initializer",""
"passed","Mon Oct 07 13:48:42 GMT 2024","Mon Oct 07 13:48:42 GMT 2024","1","tests.unit","test_opds_link","TestLink","","","test_addFields_dict",""
"passed","Mon Oct 07 13:48:42 GMT 2024","Mon Oct 07 13:48:42 GMT 2024","1","tests.unit","test_oclc_bib_mapping","","","","test_oclc_bib_mapping_no_first_name",""
"passed","Mon Oct 07 13:48:42 GMT 2024","Mon Oct 07 13:48:42 GMT 2024","0","tests.unit","test_oclcCatalog_mapping","TestCatalogMapping","","","test_parseLink_non_external_url",""
"passed","Mon Oct 07 13:48:38 GMT 2024","Mon Oct 07 13:48:38 GMT 2024","4","tests.unit","test_api_collection_blueprint","TestCollectionBlueprint","","","test_collection_replace_fail",""
"passed","Mon Oct 07 13:48:43 GMT 2024","Mon Oct 07 13:48:43 GMT 2024","0","tests.unit","test_sfrElastic_manager","TestSFRElasticRecordManager","","","test_addGovDocStatus_measurement_not_present",""
"passed","Mon Oct 07 13:48:42 GMT 2024","Mon Oct 07 13:48:42 GMT 2024","1","tests.unit","test_oclcCatalog_manager","TestOCLCCatalogManager","","","test_query_catalog_exhaust_retries",""
"passed","Mon Oct 07 13:48:42 GMT 2024","Mon Oct 07 13:48:42 GMT 2024","1","tests.unit","test_opds_link","TestLink","","","test_addFields_list",""
"passed","Mon Oct 07 13:48:42 GMT 2024","Mon Oct 07 13:48:42 GMT 2024","0","tests.unit","test_nypl_process","TestNYPLProcess","","","test_isPDResearchBib_no_year",""
"passed","Mon Oct 07 13:48:40 GMT 2024","Mon Oct 07 13:48:40 GMT 2024","2","tests.unit","test_isac_process","TestChicagoISACProcess","","","test_generateManifest",""
"passed","Mon Oct 07 13:48:44 GMT 2024","Mon Oct 07 13:48:44 GMT 2024","0","tests.unit","test_webpub_manifest","TestPDFManifest","","","test_addSection_no_existing",""
"passed","Mon Oct 07 13:48:39 GMT 2024","Mon Oct 07 13:48:39 GMT 2024","1","tests.unit","test_dbMaintenance_process","TestIngestReportProcess","","","test_runProcess",""
"passed","Mon Oct 07 13:48:39 GMT 2024","Mon Oct 07 13:48:39 GMT 2024","1","tests.unit","test_api_utils","TestAPIUtils","","","test_formatRecord",""
"passed","Mon Oct 07 13:48:41 GMT 2024","Mon Oct 07 13:48:41 GMT 2024","1","tests.unit","test_loc_process","TestLOCProcess","","","test_processlocRecord_error",""
"passed","Mon Oct 07 13:48:43 GMT 2024","Mon Oct 07 13:48:43 GMT 2024","0","tests.unit","test_s3_manager","TestS3Manager","","","test_getmd5HashOfObject",""
"passed","Mon Oct 07 13:48:38 GMT 2024","Mon Oct 07 13:48:38 GMT 2024","4","tests.unit","test_api_collection_blueprint","TestCollectionBlueprint","","","test_collection_update_error",""
"passed","Mon Oct 07 13:48:44 GMT 2024","Mon Oct 07 13:48:44 GMT 2024","1","tests.unit","test_webpub_manifest","TestPDFManifest","","","test_addChapter_direct_no_subsections",""
"passed","Mon Oct 07 13:48:43 GMT 2024","Mon Oct 07 13:48:43 GMT 2024","2","tests.unit","test_sfrRecord_manager","TestSFRRecordManager","","","test_dedupeLinks",""
"passed","Mon Oct 07 13:48:39 GMT 2024","Mon Oct 07 13:48:39 GMT 2024","2","tests.unit","test_doab_process","TestDOABProcess","","","test_downloadOAIRecords_daily",""
"passed","Mon Oct 07 13:48:38 GMT 2024","Mon Oct 07 13:48:38 GMT 2024","1","tests.unit","test_api_es","TestElasticClient","","","test_addSortClause_date_w_filters",""
"passed","Mon Oct 07 13:48:42 GMT 2024","Mon Oct 07 13:48:42 GMT 2024","0","tests.unit","test_nypl_process","TestNYPLProcess","","","test_isPDResearchBib_post_1964",""
"passed","Mon Oct 07 13:48:41 GMT 2024","Mon Oct 07 13:48:41 GMT 2024","2","tests.unit","test_muse_manager","TestMUSEManager","","","test_addReadableLinks_manifest",""
"passed","Mon Oct 07 13:48:39 GMT 2024","Mon Oct 07 13:48:39 GMT 2024","1","tests.unit","test_csv_mapping","TestCSVMapping","","","test_applyMapping_full_row",""
"passed","Mon Oct 07 13:48:39 GMT 2024","Mon Oct 07 13:48:39 GMT 2024","1","tests.unit","test_cover_manager","TestCoverManager","","","test_fetchCover_none",""
"passed","Mon Oct 07 13:48:42 GMT 2024","Mon Oct 07 13:48:42 GMT 2024","0","tests.unit","test_oclcCatalog_mapping","TestCatalogMapping","","","test_parseLink_other",""
"passed","Mon Oct 07 13:48:39 GMT 2024","Mon Oct 07 13:48:39 GMT 2024","3","tests.unit","test_api_search_blueprint","TestSearchBlueprint","","","test_query_db_error",""
"passed","Mon Oct 07 13:48:43 GMT 2024","Mon Oct 07 13:48:43 GMT 2024","3","tests.unit","test_s3_manager","TestS3Manager","","","test_putExplodedEpubComponentsInBucket",""
"passed","Mon Oct 07 13:48:41 GMT 2024","Mon Oct 07 13:48:41 GMT 2024","1","tests.unit","test_main_process","TestMainProcess","","","test_load_env_file_specified_file",""
"passed","Mon Oct 07 13:48:37 GMT 2024","Mon Oct 07 13:48:38 GMT 2024","397","tests.unit","test_UofM_process","TestUofMProcess","","","test_runProcess",""
"passed","Mon Oct 07 13:48:42 GMT 2024","Mon Oct 07 13:48:42 GMT 2024","0","tests.unit","test_oclcClassify_process","TestOCLCClassifyProcess","","","test_get_queryable_identifiers",""
"passed","Mon Oct 07 13:48:42 GMT 2024","Mon Oct 07 13:48:42 GMT 2024","0","tests.unit","test_nypl_process","TestNYPLProcess","","","test_isPDResearchBib_1925_to_1964_pd_non_research",""
"passed","Mon Oct 07 13:48:42 GMT 2024","Mon Oct 07 13:48:42 GMT 2024","0","tests.unit","test_opds_group","TestOPDSFacet","","","test_addNavigation_dict",""
"passed","Mon Oct 07 13:48:38 GMT 2024","Mon Oct 07 13:48:38 GMT 2024","0","tests.unit","test_api_es","TestElasticClient","","","test_addSortClause_title_wo_direction",""
"passed","Mon Oct 07 13:48:38 GMT 2024","Mon Oct 07 13:48:38 GMT 2024","2","tests.unit","test_api_es","TestElasticClient","","","test_generateSearchQuery_multi_search",""
"passed","Mon Oct 07 13:48:39 GMT 2024","Mon Oct 07 13:48:39 GMT 2024","1","tests.unit","test_api_utils","TestAPIUtils","","","test_formatLanguages_no_counts",""
"passed","Mon Oct 07 13:48:42 GMT 2024","Mon Oct 07 13:48:42 GMT 2024","0","tests.unit","test_opds_navigation","TestNavigation","","","test_addField",""
"passed","Mon Oct 07 13:48:38 GMT 2024","Mon Oct 07 13:48:38 GMT 2024","1","tests.unit","test_api_es","TestElasticClient","","","test_createFilterClausesAndAggregations_no_filters",""
"passed","Mon Oct 07 13:48:40 GMT 2024","Mon Oct 07 13:48:40 GMT 2024","0","tests.unit","test_fetcher_openlibrary","TestOpenLibraryFetcher","","","test_setCoverPageURL",""
"passed","Mon Oct 07 13:48:38 GMT 2024","Mon Oct 07 13:48:38 GMT 2024","3","tests.unit","test_api_fulfill_blueprint","TestSearchBlueprint","","","test_fulfill_item_redirect",""
"passed","Mon Oct 07 13:48:38 GMT 2024","Mon Oct 07 13:48:38 GMT 2024","1","tests.unit","test_api_es","TestElasticClient","","","test_createFilterClausesAndAggregations_w_format_downloadable",""
"passed","Mon Oct 07 13:48:41 GMT 2024","Mon Oct 07 13:48:41 GMT 2024","0","tests.unit","test_model_record","TestModelRecord","","","test_has_version_dutch",""
"passed","Mon Oct 07 13:48:42 GMT 2024","Mon Oct 07 13:48:42 GMT 2024","1","tests.unit","test_opds_publication","TestOPDSPublication","","","test_parseEditions",""
"passed","Mon Oct 07 13:48:38 GMT 2024","Mon Oct 07 13:48:38 GMT 2024","3","tests.unit","test_api_db","TestDBClient","","","test_fetchNewWorks",""
"passed","Mon Oct 07 13:48:42 GMT 2024","Mon Oct 07 13:48:42 GMT 2024","4","tests.unit","test_muse_process","TestMUSEProcess","","","test_parseMuseRecord",""
"passed","Mon Oct 07 13:48:40 GMT 2024","Mon Oct 07 13:48:40 GMT 2024","0","tests.unit","test_kmeans_manager","TestKMeansModel","","","test_pubProcessor_list",""
"passed","Mon Oct 07 13:48:38 GMT 2024","Mon Oct 07 13:48:38 GMT 2024","1","tests.unit","test_api_app","TestFlaskAPI","","","test_run_local",""
"passed","Mon Oct 07 13:48:38 GMT 2024","Mon Oct 07 13:48:38 GMT 2024","1","tests.unit","test_api_collection_blueprint","TestCollectionBlueprint","","","test_get_collection_not_found",""
"passed","Mon Oct 07 13:48:41 GMT 2024","Mon Oct 07 13:48:41 GMT 2024","1","tests.unit","test_main_process","TestMainProcess","","","test_load_env_file_missing_file",""
"passed","Mon Oct 07 13:48:43 GMT 2024","Mon Oct 07 13:48:43 GMT 2024","1","tests.unit","test_sfrCluster_process","TestSFRClusterProcess","","","test_runProcess_complete",""
"passed","Mon Oct 07 13:48:43 GMT 2024","Mon Oct 07 13:48:43 GMT 2024","1","tests.unit","test_parser_degruyter","TestDeGruyterParser","","","test_generateEpubLinks_success",""
"passed","Mon Oct 07 13:48:42 GMT 2024","Mon Oct 07 13:48:42 GMT 2024","1","tests.unit","test_oclcCatalog_mapping","TestCatalogMapping","","","test_checkIAReadability_error",""
"passed","Mon Oct 07 13:48:40 GMT 2024","Mon Oct 07 13:48:40 GMT 2024","377","tests.unit","test_isac_process","TestChicagoISACProcess","","","test_runProcess",""
"passed","Mon Oct 07 13:48:41 GMT 2024","Mon Oct 07 13:48:41 GMT 2024","0","tests.unit","test_met_process","TestMetProcess","","","test_setCoverPath_compound",""
"passed","Mon Oct 07 13:48:39 GMT 2024","Mon Oct 07 13:48:39 GMT 2024","1","tests.unit","test_doab_link_manager","TestDOABLinkManager","","","test_parseLinks",""
"passed","Mon Oct 07 13:48:39 GMT 2024","Mon Oct 07 13:48:39 GMT 2024","1","tests.unit","test_api_utils","TestAPIUtils","","","test_extractParamPairs",""
"passed","Mon Oct 07 13:48:42 GMT 2024","Mon Oct 07 13:48:42 GMT 2024","1","tests.unit","test_nyplAPI_manager","TestNYPLApiManager","","","test_queryApi",""
"passed","Mon Oct 07 13:48:38 GMT 2024","Mon Oct 07 13:48:38 GMT 2024","1","tests.unit","test_api_edition_blueprint","TestEditionBlueprint","","","test_get_edition_missing",""
"passed","Mon Oct 07 13:48:43 GMT 2024","Mon Oct 07 13:48:43 GMT 2024","0","tests.unit","test_parser_mdpi","TestMDPIParser","","","test_validateURI_true",""
"passed","Mon Oct 07 13:48:39 GMT 2024","Mon Oct 07 13:48:39 GMT 2024","5","tests.unit","test_api_utils","TestAPIUtils","","","test_formatWork_ordered_editions",""
"passed","Mon Oct 07 13:48:42 GMT 2024","Mon Oct 07 13:48:42 GMT 2024","1","tests.unit","test_opds_metadata","TestMetadata","","","test_iter_error_missing_field",""
"passed","Mon Oct 07 13:48:41 GMT 2024","Mon Oct 07 13:48:41 GMT 2024","0","tests.unit","test_model_record","TestModelRecord","","","test_has_version_numeric",""
"passed","Mon Oct 07 13:48:44 GMT 2024","Mon Oct 07 13:48:44 GMT 2024","1","tests.unit","test_webpub_manifest","TestPDFManifest","","","test_addResource_noPath",""
"passed","Mon Oct 07 13:48:38 GMT 2024","Mon Oct 07 13:48:38 GMT 2024","6","tests.unit","test_api_collection_blueprint","TestCollectionBlueprint","","","test_collection_replace_success",""
"passed","Mon Oct 07 13:48:42 GMT 2024","Mon Oct 07 13:48:42 GMT 2024","1","tests.unit","test_muse_process","TestMUSEProcess","","","test_downloadMARCRecords_failure",""
"passed","Mon Oct 07 13:48:43 GMT 2024","Mon Oct 07 13:48:43 GMT 2024","0","tests.unit","test_s3_manager","TestS3Manager","","","test_getObjectFromBucket_error",""
"passed","Mon Oct 07 13:48:38 GMT 2024","Mon Oct 07 13:48:38 GMT 2024","1","tests.unit","test_api_es","TestElasticClient","","","test_applyFilters_govDoc_and_other_filters",""
"passed","Mon Oct 07 13:48:42 GMT 2024","Mon Oct 07 13:48:42 GMT 2024","2","tests.unit","test_oclcCatalog_mapping","TestCatalogMapping","","","test_checkIAReadability_true",""
"passed","Mon Oct 07 13:48:43 GMT 2024","Mon Oct 07 13:48:43 GMT 2024","1","tests.unit","test_redis_manager","TestRedisManager","","","test_checkSetRedis_key_found_old",""
"passed","Mon Oct 07 13:48:40 GMT 2024","Mon Oct 07 13:48:40 GMT 2024","0","tests.unit","test_fetcher_hathitrust_page","TestHathiPage","","","test_getPageScore_missing",""
"passed","Mon Oct 07 13:48:39 GMT 2024","Mon Oct 07 13:48:39 GMT 2024","0","tests.unit","test_doab_mapping","TestDOABMapping","","","test_applyFormatting_invalid_record_error",""
"passed","Mon Oct 07 13:48:44 GMT 2024","Mon Oct 07 13:48:44 GMT 2024","0","tests.unit","test_sql_mapping","TestSQLMapping","","","test_getFieldData_dict",""
"passed","Mon Oct 07 13:48:43 GMT 2024","Mon Oct 07 13:48:43 GMT 2024","0","tests.unit","test_sfrRecord_manager","TestSFRRecordManager","","","test_getLanguage_all_values_match_iso_2",""
"passed","Mon Oct 07 13:48:39 GMT 2024","Mon Oct 07 13:48:39 GMT 2024","4","tests.unit","test_api_opds_blueprint","TestOPDSBlueprint","","","test_constructBaseFeed_root",""
"passed","Mon Oct 07 13:48:40 GMT 2024","Mon Oct 07 13:48:40 GMT 2024","1","tests.unit","test_fetcher_googlebooks","TestGoogleBooksFetcher","","","test_fetchCover_no_matching_size",""
"passed","Mon Oct 07 13:48:41 GMT 2024","Mon Oct 07 13:48:41 GMT 2024","0","tests.unit","test_loc_process","TestLOCProcess","","","test_addHasPartMapping",""
"passed","Mon Oct 07 13:48:41 GMT 2024","Mon Oct 07 13:48:41 GMT 2024","1","tests.unit","test_kmeans_manager","TestKMeansModel","","","test_getPubDateObject_full_date",""
"passed","Mon Oct 07 13:48:39 GMT 2024","Mon Oct 07 13:48:39 GMT 2024","78","tests.unit","test_api_utils","TestAPIUtils","","","test_validatePassword_error",""
"passed","Mon Oct 07 13:48:39 GMT 2024","Mon Oct 07 13:48:39 GMT 2024","1","tests.unit","test_db_manager","TestDBManager","","","test_initializeDatabase_skip",""
"passed","Mon Oct 07 13:48:43 GMT 2024","Mon Oct 07 13:48:43 GMT 2024","1","tests.unit","test_opds_publication","TestOPDSPublication","","","test_repr",""
"passed","Mon Oct 07 13:48:38 GMT 2024","Mon Oct 07 13:48:38 GMT 2024","1","tests.unit","test_api_fulfill_blueprint","TestSearchBlueprint","","","test_fulfill_item_empty_token",""
"passed","Mon Oct 07 13:48:39 GMT 2024","Mon Oct 07 13:48:39 GMT 2024","0","tests.unit","test_core_mapping","TestCoreMapping","","","test_updateExisting",""
"passed","Mon Oct 07 13:48:42 GMT 2024","Mon Oct 07 13:48:42 GMT 2024","2","tests.unit","test_nypl_process","TestNYPLProcess","","","test_runProcess_complete",""
"passed","Mon Oct 07 13:48:44 GMT 2024","Mon Oct 07 13:48:44 GMT 2024","1","tests.unit","test_sfrRecord_manager","TestSFRRecordManager","","","test_setSortTitle_wo_stops",""
"passed","Mon Oct 07 13:48:42 GMT 2024","Mon Oct 07 13:48:42 GMT 2024","0","tests.unit","test_opds_feed","TestOPDSFacet","","","test_addImage",""
"passed","Mon Oct 07 13:48:40 GMT 2024","Mon Oct 07 13:48:40 GMT 2024","0","tests.unit","test_kmeans_manager","TestKMeansModel","","","test_kModel_init",""
"passed","Mon Oct 07 13:48:43 GMT 2024","Mon Oct 07 13:48:43 GMT 2024","0","tests.unit","test_sfrRecord_manager","TestSFRRecordManager","","","test_agentParser_multiple_agents_jw_match",""
"passed","Mon Oct 07 13:48:43 GMT 2024","Mon Oct 07 13:48:43 GMT 2024","1","tests.unit","test_sfrElastic_manager","TestSFRElasticRecordManager","","","test_addGovDocStatus_measurement_present_true",""
"passed","Mon Oct 07 13:48:39 GMT 2024","Mon Oct 07 13:48:39 GMT 2024","1","tests.unit","test_es_manager","TestElasticsearchManager","","","test_constructLanguagePipeline",""
"passed","Mon Oct 07 13:48:43 GMT 2024","Mon Oct 07 13:48:43 GMT 2024","0","tests.unit","test_parser_mdpi","TestMDPIParser","","","test_initializer",""
"passed","Mon Oct 07 13:48:38 GMT 2024","Mon Oct 07 13:48:38 GMT 2024","1","tests.unit","test_api_db","TestDBClient","","","test_fetchSingleLink",""
"passed","Mon Oct 07 13:48:43 GMT 2024","Mon Oct 07 13:48:43 GMT 2024","1","tests.unit","test_rabbitmq_manager","TestRabbitMQManager","","","test_getMessageFromQueue_channel_closed_error",""
"passed","Mon Oct 07 13:48:40 GMT 2024","Mon Oct 07 13:48:40 GMT 2024","2","tests.unit","test_kmeans_manager","TestKMeansModel","","","test_createDF",""
"passed","Mon Oct 07 13:48:41 GMT 2024","Mon Oct 07 13:48:41 GMT 2024","0","tests.unit","test_kmeans_yearobject","TestYearObject","","","test_getYearStr",""
"passed","Mon Oct 07 13:48:39 GMT 2024","Mon Oct 07 13:48:39 GMT 2024","0","tests.unit","test_api_utils","TestAPIUtils","","","test_getPresignedUrlFromNons3Url",""
"passed","Mon Oct 07 13:48:41 GMT 2024","Mon Oct 07 13:48:41 GMT 2024","0","tests.unit","test_met_process","TestMetProcess","","","test_setCoverPath",""
"passed","Mon Oct 07 13:48:43 GMT 2024","Mon Oct 07 13:48:43 GMT 2024","0","tests.unit","test_sfrElastic_manager","TestSFRElasticRecordManager","","","test_addGovDocStatus_measurement_present_false",""
"passed","Mon Oct 07 13:48:42 GMT 2024","Mon Oct 07 13:48:42 GMT 2024","1","tests.unit","test_opds_group","TestOPDSFacet","","","test_addPublications",""
"passed","Mon Oct 07 13:48:39 GMT 2024","Mon Oct 07 13:48:39 GMT 2024","2","tests.unit","test_api_opds_blueprint","TestOPDSBlueprint","","","test_addPublications_grouped",""
"passed","Mon Oct 07 13:48:38 GMT 2024","Mon Oct 07 13:48:38 GMT 2024","0","tests.unit","test_api_es","TestElasticClient","","","test_geneateDateRange_end_only",""
"passed","Mon Oct 07 13:48:41 GMT 2024","Mon Oct 07 13:48:41 GMT 2024","0","tests.unit","test_kmeans_manager","TestKMeansModel","","","test_getPubDateFloat_no_dates",""
"passed","Mon Oct 07 13:48:42 GMT 2024","Mon Oct 07 13:48:42 GMT 2024","1","tests.unit","test_opds_feed","TestOPDSFacet","","","test_addGroup",""
"passed","Mon Oct 07 13:48:41 GMT 2024","Mon Oct 07 13:48:41 GMT 2024","3","tests.unit","test_met_process","TestMetProcess","","","test_generateManifest",""
"passed","Mon Oct 07 13:48:43 GMT 2024","Mon Oct 07 13:48:43 GMT 2024","0","tests.unit","test_opds_publication","TestOPDSPublication","","","test_iter_success",""
"passed","Mon Oct 07 13:48:40 GMT 2024","Mon Oct 07 13:48:40 GMT 2024","2","tests.unit","test_fetcher_openlibrary","TestOpenLibraryFetcher","","","test_fetchVolumeCover_failure",""
"passed","Mon Oct 07 13:48:43 GMT 2024","Mon Oct 07 13:48:43 GMT 2024","4","tests.unit","test_sfrCluster_process","TestSFRClusterProcess","","","test_clusterRecords_not_full",""
"passed","Mon Oct 07 13:48:39 GMT 2024","Mon Oct 07 13:48:39 GMT 2024","0","tests.unit","test_doab_mapping","TestDOABMapping","","","test_parseIdentifiers",""
"passed","Mon Oct 07 13:48:43 GMT 2024","Mon Oct 07 13:48:43 GMT 2024","0","tests.unit","test_sfrRecord_manager","TestSFRRecordManager","","","test_agentParser_multiple_agents",""
"passed","Mon Oct 07 13:48:39 GMT 2024","Mon Oct 07 13:48:39 GMT 2024","1","tests.unit","test_doab_link_manager","TestDOABLinkManager","","","test_findFinalURI_error",""
"passed","Mon Oct 07 13:48:42 GMT 2024","Mon Oct 07 13:48:42 GMT 2024","0","tests.unit","test_muse_mapping","","","","test_add_has_part_link",""
"passed","Mon Oct 07 13:48:43 GMT 2024","Mon Oct 07 13:48:43 GMT 2024","0","tests.unit","test_parser_openedition","TestOpenEditionParser","","","test_createEpubLink",""
"passed","Mon Oct 07 13:48:43 GMT 2024","Mon Oct 07 13:48:43 GMT 2024","1","tests.unit","test_sfrRecord_manager","TestSFRRecordManager","","","test_getLanguage_all_values_match_iso_3",""
"passed","Mon Oct 07 13:48:41 GMT 2024","Mon Oct 07 13:48:41 GMT 2024","0","tests.unit","test_kmeans_yearobject","TestYearObject","","","test_setYear_start_end",""
"passed","Mon Oct 07 13:48:42 GMT 2024","Mon Oct 07 13:48:42 GMT 2024","2","tests.unit","test_oclcClassify_process","TestOCLCClassifyProcess","","","test_frbrizeRecord_success_valid_author",""
"passed","Mon Oct 07 13:48:43 GMT 2024","Mon Oct 07 13:48:43 GMT 2024","0","tests.unit","test_parser_openedition","TestOpenEditionParser","","","test_validateURI_false",""
"passed","Mon Oct 07 13:48:40 GMT 2024","Mon Oct 07 13:48:40 GMT 2024","0","tests.unit","test_fetcher_contentcafe","TestContentCafeFetcher","","","test_isNoCoverImage_false",""
"passed","Mon Oct 07 13:48:38 GMT 2024","Mon Oct 07 13:48:38 GMT 2024","0","tests.unit","test_api_db","TestDBClient","","","test_closeSession",""
"passed","Mon Oct 07 13:48:42 GMT 2024","Mon Oct 07 13:48:42 GMT 2024","0","tests.unit","test_opds_feed","TestOPDSFacet","","","test_dir",""
"passed","Mon Oct 07 13:48:43 GMT 2024","Mon Oct 07 13:48:43 GMT 2024","0","tests.unit","test_parser_openedition","TestOpenEditionParser","","","test_initializer",""
"passed","Mon Oct 07 13:48:39 GMT 2024","Mon Oct 07 13:48:39 GMT 2024","4","tests.unit","test_cover_process","TestCoverProcess","","","test_generateQuery_daily",""
"passed","Mon Oct 07 13:48:42 GMT 2024","Mon Oct 07 13:48:42 GMT 2024","0","tests.unit","test_oclc_bib_mapping","","","","test_oclc_bib_mapping_fallback_to_romanized_text",""
"passed","Mon Oct 07 13:48:41 GMT 2024","Mon Oct 07 13:48:41 GMT 2024","0","tests.unit","test_model_record","TestModelRecord","","","test_has_version_russian",""
"passed","Mon Oct 07 13:48:38 GMT 2024","Mon Oct 07 13:48:38 GMT 2024","2","tests.unit","test_api_es","TestElasticClient","","","test_createSearch",""
"passed","Mon Oct 07 13:48:43 GMT 2024","Mon Oct 07 13:48:43 GMT 2024","0","tests.unit","test_sfrRecord_manager","TestSFRRecordManager","","","test_publicationDateCheck1",""
"passed","Mon Oct 07 13:48:39 GMT 2024","Mon Oct 07 13:48:39 GMT 2024","2","tests.unit","test_api_utils","TestAPIUtils","","","test_formatWorkOutput_single_work",""
"passed","Mon Oct 07 13:48:40 GMT 2024","Mon Oct 07 13:48:40 GMT 2024","1","tests.unit","test_fetcher_openlibrary","TestOpenLibraryFetcher","","","test_downloadCoverFile_success",""
"passed","Mon Oct 07 13:48:38 GMT 2024","Mon Oct 07 13:48:38 GMT 2024","3","tests.unit","test_api_collection_blueprint","TestCollectionBlueprint","","","test_collection_delete_success",""
"passed","Mon Oct 07 13:48:43 GMT 2024","Mon Oct 07 13:48:43 GMT 2024","1","tests.unit","test_sfrRecord_manager","TestSFRRecordManager","","","test_buildEdition",""
"passed","Mon Oct 07 13:48:42 GMT 2024","Mon Oct 07 13:48:42 GMT 2024","0","tests.unit","test_opds_publication","TestOPDSPublication","","","test_addImage_object",""
"passed","Mon Oct 07 13:48:42 GMT 2024","Mon Oct 07 13:48:42 GMT 2024","2","tests.unit","test_oclcCatalog_manager","TestOCLCCatalogManager","","","test_query_catalog_error",""
"passed","Mon Oct 07 13:48:39 GMT 2024","Mon Oct 07 13:48:39 GMT 2024","1","tests.unit","test_cover_manager","TestCoverManager","","","test_resizeCover_tall",""
"passed","Mon Oct 07 13:48:43 GMT 2024","Mon Oct 07 13:48:43 GMT 2024","23","tests.unit","test_sfrCluster_process","TestSFRClusterProcess","","","test_queryIdens_exceed_cluster_threshold",""
"passed","Mon Oct 07 13:48:39 GMT 2024","Mon Oct 07 13:48:39 GMT 2024","0","tests.unit","test_doab_link_manager","TestDOABLinkManager","","","test_loadParsers",""
"passed","Mon Oct 07 13:48:43 GMT 2024","Mon Oct 07 13:48:43 GMT 2024","0","tests.unit","test_parser_frontier","TestFrontierParser","","","test_generateManifest",""
"passed","Mon Oct 07 13:48:43 GMT 2024","Mon Oct 07 13:48:43 GMT 2024","0","tests.unit","test_parser_degruyter","TestDeGruyterParser","","","test_generateS3Root",""
"passed","Mon Oct 07 13:48:43 GMT 2024","Mon Oct 07 13:48:43 GMT 2024","0","tests.unit","test_s3_manager","TestS3Manager","","","test_initializer",""
"passed","Mon Oct 07 13:48:38 GMT 2024","Mon Oct 07 13:48:38 GMT 2024","1","tests.unit","test_api_es","TestElasticClient","","","test_generateSearchQuery_generic_search",""
"passed","Mon Oct 07 13:48:43 GMT 2024","Mon Oct 07 13:48:43 GMT 2024","1","tests.unit","test_rabbitmq_manager","TestRabbitMQManager","","","test_createRabbitCredentials",""
"passed","Mon Oct 07 13:48:41 GMT 2024","Mon Oct 07 13:48:41 GMT 2024","2","tests.unit","test_kmeans_manager","TestKMeansModel","","","test_cluster_score",""
"passed","Mon Oct 07 13:48:43 GMT 2024","Mon Oct 07 13:48:43 GMT 2024","0","tests.unit","test_sfrElastic_manager","TestSFRElasticRecordManager","","","test_setSortTitle_not_present",""
"passed","Mon Oct 07 13:48:38 GMT 2024","Mon Oct 07 13:48:38 GMT 2024","0","tests.unit","test_api_es","TestElasticClient","","","test_makeDictHashable",""
"passed","Mon Oct 07 13:48:43 GMT 2024","Mon Oct 07 13:48:43 GMT 2024","0","tests.unit","test_sfrRecord_manager","TestSFRRecordManager","","","test_getLanguage_all_values_match_missing_iso_2",""
"passed","Mon Oct 07 13:48:40 GMT 2024","Mon Oct 07 13:48:40 GMT 2024","0","tests.unit","test_ingestReport_process","TestIngestReportProcess","","","test_setAnomalyStatus",""
"passed","Mon Oct 07 13:48:40 GMT 2024","Mon Oct 07 13:48:40 GMT 2024","1","tests.unit","test_hathitrust_process","TestHathiTrustProcess","","","test_importRemoteRecords_partial",""
"passed","Mon Oct 07 13:48:40 GMT 2024","Mon Oct 07 13:48:40 GMT 2024","2","tests.unit","test_fetcher_hathitrust","TestHathiFetcher","","","test_makeHathiReq_success",""
"passed","Mon Oct 07 13:48:41 GMT 2024","Mon Oct 07 13:48:41 GMT 2024","1","tests.unit","test_muse_manager","TestMUSEManager","","","test_loadMusePage_success",""
"passed","Mon Oct 07 13:48:40 GMT 2024","Mon Oct 07 13:48:40 GMT 2024","2","tests.unit","test_fetcher_hathitrust","TestHathiFetcher","","","test_fetchVolumeCover_success",""
"passed","Mon Oct 07 13:48:42 GMT 2024","Mon Oct 07 13:48:42 GMT 2024","1","tests.unit","test_opds_feed","TestOPDSFacet","","","test_addLink",""
"passed","Mon Oct 07 13:48:40 GMT 2024","Mon Oct 07 13:48:40 GMT 2024","1","tests.unit","test_fetcher_hathitrust","TestHathiFetcher","","","test_downloadCoverFile_error",""
"passed","Mon Oct 07 13:48:38 GMT 2024","Mon Oct 07 13:48:38 GMT 2024","2","tests.unit","test_api_citation_blueprint","TestCitationBlueprint","","","test_get_citation_bible_post1900_success",""
"passed","Mon Oct 07 13:48:41 GMT 2024","Mon Oct 07 13:48:41 GMT 2024","0","tests.unit","test_muse_manager","TestMUSEManager","","","test_identifyReadableVersions_none",""
"passed","Mon Oct 07 13:48:41 GMT 2024","Mon Oct 07 13:48:41 GMT 2024","3","tests.unit","test_met_process","TestMetProcess","","","test_processMetRecord_success",""
"passed","Mon Oct 07 13:48:42 GMT 2024","Mon Oct 07 13:48:42 GMT 2024","1","tests.unit","test_opds_publication","TestOPDSPublication","","","test_addEditions",""
"passed","Mon Oct 07 13:48:39 GMT 2024","Mon Oct 07 13:48:39 GMT 2024","0","tests.unit","test_doab_process","TestDOABProcess","","","test_createManifestInS3",""
"passed","Mon Oct 07 13:48:43 GMT 2024","Mon Oct 07 13:48:43 GMT 2024","1","tests.unit","test_rabbitmq_manager","TestRabbitMQManager","","","test_closeRabbitConnection",""
"passed","Mon Oct 07 13:48:42 GMT 2024","Mon Oct 07 13:48:42 GMT 2024","0","tests.unit","test_opds_publication","TestOPDSPublication","","","test_addLink_object",""
"passed","Mon Oct 07 13:48:38 GMT 2024","Mon Oct 07 13:48:38 GMT 2024","1","tests.unit","test_api_es","TestElasticClient","","","test_executeSearchQuery_deep",""
"passed","Mon Oct 07 13:48:39 GMT 2024","Mon Oct 07 13:48:39 GMT 2024","83","tests.unit","test_api_utils","TestAPIUtils","","","test_validatePassword_success",""
"passed","Mon Oct 07 13:48:38 GMT 2024","Mon Oct 07 13:48:38 GMT 2024","2","tests.unit","test_api_fulfill_blueprint","TestSearchBlueprint","","","test_fulfill_item_invalid_iss",""
"passed","Mon Oct 07 13:48:43 GMT 2024","Mon Oct 07 13:48:43 GMT 2024","1","tests.unit","test_redis_manager","TestRedisManager","","","test_checkSetRedis_key_not_found",""
"passed","Mon Oct 07 13:48:38 GMT 2024","Mon Oct 07 13:48:38 GMT 2024","2","tests.unit","test_api_citation_blueprint","TestCitationBlueprint","","","test_get_citation_two_authors_work2",""
"passed","Mon Oct 07 13:48:43 GMT 2024","Mon Oct 07 13:48:43 GMT 2024","1","tests.unit","test_sfrRecord_manager","TestSFRRecordManager","","","test_agentParser_multiple_agents_empty_and_overlap",""
"passed","Mon Oct 07 13:48:38 GMT 2024","Mon Oct 07 13:48:38 GMT 2024","1","tests.unit","test_api_edition_blueprint","TestEditionBlueprint","","","test_get_edition_invalid_id_error",""
"passed","Mon Oct 07 13:48:42 GMT 2024","Mon Oct 07 13:48:42 GMT 2024","1","tests.unit","test_opds_group","TestOPDSFacet","","","test_addNavigation_object",""
"passed","Mon Oct 07 13:48:39 GMT 2024","Mon Oct 07 13:48:39 GMT 2024","3","tests.unit","test_cover_process","TestCoverProcess","","","test_storeFoundCover",""
"passed","Mon Oct 07 13:48:42 GMT 2024","Mon Oct 07 13:48:42 GMT 2024","2","tests.unit","test_muse_process","TestMUSEProcess","","","test_runProcess_complete",""
"passed","Mon Oct 07 13:48:43 GMT 2024","Mon Oct 07 13:48:43 GMT 2024","135","tests.unit","test_parser_openedition","TestOpenEditionParser","","","test_parseBookLink",""
"passed","Mon Oct 07 13:48:39 GMT 2024","Mon Oct 07 13:48:39 GMT 2024","3","tests.unit","test_core_process","TestCoreProcess","","","test_windowedQuery_single",""
"passed","Mon Oct 07 13:48:39 GMT 2024","Mon Oct 07 13:48:39 GMT 2024","4","tests.unit","test_api_opds_blueprint","TestOPDSBlueprint","","","test_constructBaseFeed_new_non_grouped",""
"passed","Mon Oct 07 13:48:43 GMT 2024","Mon Oct 07 13:48:43 GMT 2024","0","tests.unit","test_parser_springer","TestSpringerParser","","","test_generateManifest",""
"passed","Mon Oct 07 13:48:39 GMT 2024","Mon Oct 07 13:48:39 GMT 2024","0","tests.unit","test_api_utils","TestAPIUtils","","","test_noLinkReplacement",""
"passed","Mon Oct 07 13:48:38 GMT 2024","Mon Oct 07 13:48:38 GMT 2024","1","tests.unit","test_api_citation_blueprint","TestCitationBlueprint","","","test_get_citation_unknown_format",""
"passed","Mon Oct 07 13:48:38 GMT 2024","Mon Oct 07 13:48:38 GMT 2024","18","tests.unit","test_api_info_blueprint","TestInfoBlueprint","","","test_apiInfo",""
"passed","Mon Oct 07 13:48:40 GMT 2024","Mon Oct 07 13:48:40 GMT 2024","2","tests.unit","test_hathitrust_process","TestHathiTrustProcess","","","test_runProcess_complete",""
"passed","Mon Oct 07 13:48:38 GMT 2024","Mon Oct 07 13:48:38 GMT 2024","2","tests.unit","test_api_collection_blueprint","TestCollectionBlueprint","","","test_validate_token_error_no_header",""
"passed","Mon Oct 07 13:48:43 GMT 2024","Mon Oct 07 13:48:43 GMT 2024","1","tests.unit","test_rabbitmq_manager","TestRabbitMQManager","","","test_createOrConnectQueue",""
"passed","Mon Oct 07 13:48:41 GMT 2024","Mon Oct 07 13:48:41 GMT 2024","0","tests.unit","test_met_process","TestMetProcess","","","test_setStartTime_fullImport_false_custom",""
"passed","Mon Oct 07 13:48:43 GMT 2024","Mon Oct 07 13:48:43 GMT 2024","2","tests.unit","test_sfrCluster_process","TestSFRClusterProcess","","","test_clusterRecord_wo_matching_records",""
"passed","Mon Oct 07 13:48:39 GMT 2024","Mon Oct 07 13:48:39 GMT 2024","0","tests.unit","test_custom_formatter_mapping","TestCustomFormatter","","","test_format_positional_success",""
"passed","Mon Oct 07 13:48:42 GMT 2024","Mon Oct 07 13:48:42 GMT 2024","0","tests.unit","test_muse_manager","TestMUSEManager","","","test_createManifestInS3",""
"passed","Mon Oct 07 13:48:42 GMT 2024","Mon Oct 07 13:48:42 GMT 2024","0","tests.unit","test_opds_publication","TestOPDSPublication","","","test_addMetadata",""
"passed","Mon Oct 07 13:48:40 GMT 2024","Mon Oct 07 13:48:40 GMT 2024","0","tests.unit","test_kmeans_manager","TestKMeansModel","","","test_pubProcessor_str",""
"passed","Mon Oct 07 13:48:40 GMT 2024","Mon Oct 07 13:48:40 GMT 2024","1","tests.unit","test_ingestReport_process","TestIngestReportProcess","","","test_runProcess",""
"passed","Mon Oct 07 13:48:39 GMT 2024","Mon Oct 07 13:48:39 GMT 2024","2","tests.unit","test_api_utils","TestAPIUtils","","","test_formatEdition_v2_reader_flag",""
"passed","Mon Oct 07 13:48:39 GMT 2024","Mon Oct 07 13:48:39 GMT 2024","1","tests.unit","test_api_link_blueprint","TestLinkBlueprint","","","test_get_link_invalid_id_error",""
"passed","Mon Oct 07 13:48:42 GMT 2024","Mon Oct 07 13:48:42 GMT 2024","1","tests.unit","test_muse_process","TestMUSEProcess","","","test_recordToBeUpdated_true",""
"passed","Mon Oct 07 13:48:42 GMT 2024","Mon Oct 07 13:48:42 GMT 2024","0","tests.unit","test_opds_feed","TestOPDSFacet","","","test_addNavigations",""
"passed","Mon Oct 07 13:48:41 GMT 2024","Mon Oct 07 13:48:41 GMT 2024","0","tests.unit","test_kmeans_manager","TestKMeansModel","","","test_getPubDateObject_year_only",""
"passed","Mon Oct 07 13:48:44 GMT 2024","Mon Oct 07 13:48:44 GMT 2024","0","tests.unit","test_sql_mapping","TestSQLMapping","","","test_getFieldData_empty_dict",""
"passed","Mon Oct 07 13:48:41 GMT 2024","Mon Oct 07 13:48:41 GMT 2024","1","tests.unit","test_kmeans_yearobject","TestYearObject","","","test_convertYearDictToStr_start_only",""
"passed","Mon Oct 07 13:48:43 GMT 2024","Mon Oct 07 13:48:43 GMT 2024","1","tests.unit","test_sfrFile_process","TestS3Process","","","test_generateWebpub_error",""
"passed","Mon Oct 07 13:48:39 GMT 2024","Mon Oct 07 13:48:39 GMT 2024","2","tests.unit","test_api_utils","TestAPIUtils","","","test_formatEdition_no_records",""
"passed","Mon Oct 07 13:48:42 GMT 2024","Mon Oct 07 13:48:42 GMT 2024","1","tests.unit","test_opds_metadata","TestMetadata","","","test_addField",""
"passed","Mon Oct 07 13:48:42 GMT 2024","Mon Oct 07 13:48:42 GMT 2024","149","tests.unit","test_oclcClassify_process","TestOCLCClassifyProcess","","","test_classifyRecords_full",""
"passed","Mon Oct 07 13:48:41 GMT 2024","Mon Oct 07 13:48:41 GMT 2024","1","tests.unit","test_loc_process","TestLOCProcess","","","test_generateManifest",""
"passed","Mon Oct 07 13:48:42 GMT 2024","Mon Oct 07 13:48:42 GMT 2024","170","tests.unit","test_oclcClassify_process","TestOCLCClassifyProcess","","","test_classifyRecords_custom_range",""
"passed","Mon Oct 07 13:48:39 GMT 2024","Mon Oct 07 13:48:39 GMT 2024","1","tests.unit","test_api_utils","TestAPIUtils","","","test_getPresignedUrlFromObjectUrl",""
"passed","Mon Oct 07 13:48:43 GMT 2024","Mon Oct 07 13:48:43 GMT 2024","2","tests.unit","test_sfrCluster_process","TestSFRClusterProcess","","","test_clusterMatchedRecords",""
"passed","Mon Oct 07 13:48:41 GMT 2024","Mon Oct 07 13:48:41 GMT 2024","1","tests.unit","test_met_process","TestMetProcess","","","test_setStartTime_fullImport_false_daily",""
"passed","Mon Oct 07 13:48:44 GMT 2024","Mon Oct 07 13:48:44 GMT 2024","0","tests.unit","test_smartsheet_manager","TestNYPLApiManager","","","test_initializer",""
"passed","Mon Oct 07 13:48:43 GMT 2024","Mon Oct 07 13:48:43 GMT 2024","1","tests.unit","test_parser_openedition","TestOpenEditionParser","","","test_generateS3Root",""
"passed","Mon Oct 07 13:48:44 GMT 2024","Mon Oct 07 13:48:44 GMT 2024","0","tests.unit","test_webpub_manifest","TestPDFManifest","","","test_addResource_path_non_duplicate",""
"passed","Mon Oct 07 13:48:39 GMT 2024","Mon Oct 07 13:48:39 GMT 2024","0","tests.unit","test_doab_process","TestDOABProcess","","","test_downloadOAIRecords_custom",""
"passed","Mon Oct 07 13:48:43 GMT 2024","Mon Oct 07 13:48:43 GMT 2024","1","tests.unit","test_s3_manager","TestS3Manager","","","test_putObjectInBucket_existing_unmodified",""
"passed","Mon Oct 07 13:48:38 GMT 2024","Mon Oct 07 13:48:38 GMT 2024","0","tests.unit","test_api_es","TestElasticClient","","","test_geneateDateRange_start_only",""
"passed","Mon Oct 07 13:48:43 GMT 2024","Mon Oct 07 13:48:43 GMT 2024","0","tests.unit","test_parser_openedition","TestOpenEditionParser","","","test_createLinks_pdf",""
"passed","Mon Oct 07 13:48:39 GMT 2024","Mon Oct 07 13:48:39 GMT 2024","2","tests.unit","test_doab_process","TestDOABProcess","","","test_importSingleOAIRecord_doab_error",""
"passed","Mon Oct 07 13:48:40 GMT 2024","Mon Oct 07 13:48:40 GMT 2024","1","tests.unit","test_fetcher_openlibrary","TestOpenLibraryFetcher","","","test_getAPIResponse_error",""
"passed","Mon Oct 07 13:48:39 GMT 2024","Mon Oct 07 13:48:39 GMT 2024","1","tests.unit","test_db_manager","TestDBManager","","","test_bulkSaveObjects_onlyChanged_false",""
"passed","Mon Oct 07 13:48:40 GMT 2024","Mon Oct 07 13:48:40 GMT 2024","0","tests.unit","test_isac_mapping","TestISACMapping","","","test_applyFormatting_standard",""
"passed","Mon Oct 07 13:48:39 GMT 2024","Mon Oct 07 13:48:39 GMT 2024","5","tests.unit","test_api_utils","TestAPIUtils","","","test_formatWork_showAll",""
"passed","Mon Oct 07 13:48:40 GMT 2024","Mon Oct 07 13:48:40 GMT 2024","3","tests.unit","test_gutenberg_process","TestGutenbergProcess","","","test_storeEpubsInS3",""
"passed","Mon Oct 07 13:48:40 GMT 2024","Mon Oct 07 13:48:40 GMT 2024","0","tests.unit","test_fetchers_abstract","TestAbstractFetcher","","","test_initializer",""
"passed","Mon Oct 07 13:48:40 GMT 2024","Mon Oct 07 13:48:40 GMT 2024","1","tests.unit","test_fetcher_googlebooks","TestGoogleBooksFetcher","","","test_downloadCoverFile_error",""
"passed","Mon Oct 07 13:48:42 GMT 2024","Mon Oct 07 13:48:42 GMT 2024","1","tests.unit","test_muse_process","TestMUSEProcess","","","test_downloadMARCRecords_success",""
"passed","Mon Oct 07 13:48:43 GMT 2024","Mon Oct 07 13:48:43 GMT 2024","3","tests.unit","test_sfrElastic_manager","TestSFRElasticRecordManager","","","test_createEdition",""
"passed","Mon Oct 07 13:48:43 GMT 2024","Mon Oct 07 13:48:43 GMT 2024","2","tests.unit","test_rabbitmq_manager","TestRabbitMQManager","","","test_getMessageFromQueue_error",""
"passed","Mon Oct 07 13:48:43 GMT 2024","Mon Oct 07 13:48:43 GMT 2024","0","tests.unit","test_parser_frontier","TestFrontierParser","","","test_generateEpubLinks_header_error",""
"passed","Mon Oct 07 13:48:40 GMT 2024","Mon Oct 07 13:48:40 GMT 2024","0","tests.unit","test_fetcher_contentcafe","TestContentCafeFetcher","","","test_fetchVolumeCover_error",""
"passed","Mon Oct 07 13:48:44 GMT 2024","Mon Oct 07 13:48:44 GMT 2024","1","tests.unit","test_smartsheet_manager","TestNYPLApiManager","","","test_getRows",""
"passed","Mon Oct 07 13:48:42 GMT 2024","Mon Oct 07 13:48:42 GMT 2024","0","tests.unit","test_opds_group","TestOPDSFacet","","","test_iter_success",""
"passed","Mon Oct 07 13:48:38 GMT 2024","Mon Oct 07 13:48:38 GMT 2024","1","tests.unit","test_api_es","TestElasticClient","","","test_applyFilters_no_language_filters",""
"passed","Mon Oct 07 13:48:43 GMT 2024","Mon Oct 07 13:48:43 GMT 2024","0","tests.unit","test_parser_degruyter","TestDeGruyterParser","","","test_makeHeadQuery",""
"passed","Mon Oct 07 13:48:42 GMT 2024","Mon Oct 07 13:48:42 GMT 2024","1","tests.unit","test_oclcCatalog_mapping","TestCatalogMapping","","","test_applyFormatting",""
"passed","Mon Oct 07 13:48:43 GMT 2024","Mon Oct 07 13:48:43 GMT 2024","7","tests.unit","test_sfrCluster_process","TestSFRClusterProcess","","","test_clusterRecords_custom_range",""
"passed","Mon Oct 07 13:48:42 GMT 2024","Mon Oct 07 13:48:42 GMT 2024","1","tests.unit","test_opds_metadata","TestMetadata","","","test_addFields_list",""
"passed","Mon Oct 07 13:48:43 GMT 2024","Mon Oct 07 13:48:43 GMT 2024","1","tests.unit","test_redis_manager","TestRedisManager","","","test_initializer",""
"passed","Mon Oct 07 13:48:43 GMT 2024","Mon Oct 07 13:48:43 GMT 2024","0","tests.unit","test_parser_springer","TestSpringerParser","","","test_createPDFLinks",""
"passed","Mon Oct 07 13:48:39 GMT 2024","Mon Oct 07 13:48:39 GMT 2024","3","tests.unit","test_doab_process","TestDOABProcess","","","test_parseDOABRecord_success",""
"passed","Mon Oct 07 13:48:38 GMT 2024","Mon Oct 07 13:48:38 GMT 2024","3","tests.unit","test_api_collection_blueprint","TestCollectionBlueprint","","","test_validate_token_error_auth",""
"passed","Mon Oct 07 13:48:40 GMT 2024","Mon Oct 07 13:48:40 GMT 2024","0","tests.unit","test_fetcher_hathitrust","TestHathiFetcher","","","test_downloadCoverFile_success",""
"passed","Mon Oct 07 13:48:40 GMT 2024","Mon Oct 07 13:48:40 GMT 2024","1","tests.unit","test_fetcher_hathitrust_page","TestHathiPage","","","test_getpageFlags_missing",""
"passed","Mon Oct 07 13:48:40 GMT 2024","Mon Oct 07 13:48:40 GMT 2024","1","tests.unit","test_fetcher_googlebooks","TestGoogleBooksFetcher","","","test_fetchCover_success",""
"passed","Mon Oct 07 13:48:38 GMT 2024","Mon Oct 07 13:48:38 GMT 2024","1","tests.unit","test_api_citation_blueprint","TestCitationBlueprint","","","test_get_citation_missing_format",""
"passed","Mon Oct 07 13:48:39 GMT 2024","Mon Oct 07 13:48:39 GMT 2024","0","tests.unit","test_doab_mapping","TestDOABMapping","","","test_parseRights",""
"passed","Mon Oct 07 13:48:38 GMT 2024","Mon Oct 07 13:48:38 GMT 2024","1","tests.unit","test_api_es","TestElasticClient","","","test_executeSearchQuery_reverse",""
"passed","Mon Oct 07 13:48:41 GMT 2024","Mon Oct 07 13:48:41 GMT 2024","0","tests.unit","test_model_record","TestModelRecord","","","test_no_edition",""
"passed","Mon Oct 07 13:48:40 GMT 2024","Mon Oct 07 13:48:40 GMT 2024","1","tests.unit","test_fulfillManifest_process","TestUofMProcess","","","test_runProcess",""
"passed","Mon Oct 07 13:48:43 GMT 2024","Mon Oct 07 13:48:43 GMT 2024","1","tests.unit","test_parser_openedition","TestOpenEditionParser","","","test_loadEbookLinks_error",""
"passed","Mon Oct 07 13:48:43 GMT 2024","Mon Oct 07 13:48:43 GMT 2024","1","tests.unit","test_sfrCluster_process","TestSFRClusterProcess","","","test_runProcess_custom",""
"passed","Mon Oct 07 13:48:41 GMT 2024","Mon Oct 07 13:48:41 GMT 2024","2","tests.unit","test_met_process","TestMetProcess","","","test_queryMetAPI_success_non_head",""
"passed","Mon Oct 07 13:48:43 GMT 2024","Mon Oct 07 13:48:43 GMT 2024","0","tests.unit","test_sfrRecord_manager","TestSFRRecordManager","","","test_initializer",""
"passed","Mon Oct 07 13:48:42 GMT 2024","Mon Oct 07 13:48:42 GMT 2024","1","tests.unit","test_opds_publication","TestOPDSPublication","","","test_addLinks",""
"passed","Mon Oct 07 13:48:39 GMT 2024","Mon Oct 07 13:48:39 GMT 2024","0","tests.unit","test_es_manager","TestElasticsearchManager","","","test_deleteGenerator",""
"passed","Mon Oct 07 13:48:42 GMT 2024","Mon Oct 07 13:48:42 GMT 2024","1","tests.unit","test_oclcCatalog_manager","TestOCLCCatalogManager","","","test_query_catalog_single_retry_then_success",""
"passed","Mon Oct 07 13:48:40 GMT 2024","Mon Oct 07 13:48:40 GMT 2024","1","tests.unit","test_fetcher_hathitrust_page","TestHathiPage","","","test_getPageScore_present",""
"passed","Mon Oct 07 13:48:43 GMT 2024","Mon Oct 07 13:48:43 GMT 2024","1","tests.unit","test_parser_springer","TestSpringerParser","","","test_validateAltLinkFormats_false",""
"passed","Mon Oct 07 13:48:40 GMT 2024","Mon Oct 07 13:48:40 GMT 2024","0","tests.unit","test_fetcher_hathitrust_page","TestHathiPage","","","test_getPageFlags_present",""
"passed","Mon Oct 07 13:48:42 GMT 2024","Mon Oct 07 13:48:42 GMT 2024","0","tests.unit","test_opds_link","TestLink","","","test_repr",""
"passed","Mon Oct 07 13:48:39 GMT 2024","Mon Oct 07 13:48:39 GMT 2024","4","tests.unit","test_api_utils","TestAPIUtils","","","test_formatEditionOutput",""
"passed","Mon Oct 07 13:48:44 GMT 2024","Mon Oct 07 13:48:44 GMT 2024","0","tests.unit","test_webpub_manifest","TestPDFManifest","","","test_toJson",""
"passed","Mon Oct 07 13:48:38 GMT 2024","Mon Oct 07 13:48:38 GMT 2024","0","tests.unit","test_api_es","TestElasticClient","","","test_subjectQuery",""
"passed","Mon Oct 07 13:48:42 GMT 2024","Mon Oct 07 13:48:42 GMT 2024","0","tests.unit","test_opds_link","TestLink","","","test_iter_error_missing_field",""
"passed","Mon Oct 07 13:48:40 GMT 2024","Mon Oct 07 13:48:40 GMT 2024","0","tests.unit","test_hathitrust_mapping","TestHathingMapping","","","test_applyFormatting",""
"passed","Mon Oct 07 13:48:43 GMT 2024","Mon Oct 07 13:48:43 GMT 2024","1","tests.unit","test_sfrRecord_manager","TestSFRRecordManager","","","test_parseInstance",""
"passed","Mon Oct 07 13:48:40 GMT 2024","Mon Oct 07 13:48:40 GMT 2024","1","tests.unit","test_gutenberg_manager","TestGutenbergManager","","","test_fetchMetadataFilesForBatch",""
"passed","Mon Oct 07 13:48:39 GMT 2024","Mon Oct 07 13:48:39 GMT 2024","0","tests.unit","test_cover_manager","TestCoverManager","","","test_fetchCover_success",""
"passed","Mon Oct 07 13:48:43 GMT 2024","Mon Oct 07 13:48:43 GMT 2024","2","tests.unit","test_sfrFile_process","TestS3Process","","","test_receiveAndProcessMessages",""
"passed","Mon Oct 07 13:48:41 GMT 2024","Mon Oct 07 13:48:41 GMT 2024","1","tests.unit","test_model_record","TestModelRecord","","","test_no_language",""
"passed","Mon Oct 07 13:48:38 GMT 2024","Mon Oct 07 13:48:38 GMT 2024","1","tests.unit","test_api_es","TestElasticClient","","","test_getPageResultCache",""
"passed","Mon Oct 07 13:48:39 GMT 2024","Mon Oct 07 13:48:39 GMT 2024","0","tests.unit","test_db_manager","TestDBManager","","","test_rollbackChanges",""
"passed","Mon Oct 07 13:48:44 GMT 2024","Mon Oct 07 13:48:44 GMT 2024","0","tests.unit","test_webpub_manifest","TestPDFManifest","","","test_closeSection",""
"passed","Mon Oct 07 13:48:41 GMT 2024","Mon Oct 07 13:48:41 GMT 2024","0","tests.unit","test_marc_mapping","TestMARCMapping","","","test_applyStringFormat_dict",""
"passed","Mon Oct 07 13:48:39 GMT 2024","Mon Oct 07 13:48:39 GMT 2024","2","tests.unit","test_api_opds_blueprint","TestOPDSBlueprint","","","test_singlePublicationEndpoint_missing",""
"passed","Mon Oct 07 13:48:41 GMT 2024","Mon Oct 07 13:48:41 GMT 2024","2","tests.unit","test_muse_manager","TestMUSEManager","","","test_identifyReadableVersions_w_pdf",""
"passed","Mon Oct 07 13:48:40 GMT 2024","Mon Oct 07 13:48:40 GMT 2024","4","tests.unit","test_gutenberg_process","TestGutenbergProcess","","","test_importRDFRecords_partial",""
"passed","Mon Oct 07 13:48:44 GMT 2024","Mon Oct 07 13:48:44 GMT 2024","0","tests.unit","test_webpub_manifest","TestPDFManifest","","","test_toDict",""
"passed","Mon Oct 07 13:48:43 GMT 2024","Mon Oct 07 13:48:43 GMT 2024","0","tests.unit","test_sfrElastic_manager","TestSFRElasticRecordManager","","","test_addAgent_without_roles_custom",""
"passed","Mon Oct 07 13:48:38 GMT 2024","Mon Oct 07 13:48:38 GMT 2024","1","tests.unit","test_api_es","TestElasticClient","","","test_addSortClause_title_w_direction",""
"passed","Mon Oct 07 13:48:39 GMT 2024","Mon Oct 07 13:48:39 GMT 2024","1","tests.unit","test_csv_mapping","TestCSVMapping","","","test_applyMapping_partial_row",""
"passed","Mon Oct 07 13:48:42 GMT 2024","Mon Oct 07 13:48:42 GMT 2024","0","tests.unit","test_nypl_process","TestNYPLProcess","","","test_getCopyrightStatus_no_lccn",""
"passed","Mon Oct 07 13:48:39 GMT 2024","Mon Oct 07 13:48:39 GMT 2024","0","tests.unit","test_doab_mapping","TestDOABMapping","","","test_createMapping",""
"passed","Mon Oct 07 13:48:39 GMT 2024","Mon Oct 07 13:48:39 GMT 2024","1","tests.unit","test_db_manager","TestDBManager","","","test_bulkSaveObjects_readlock_retry",""
"passed","Mon Oct 07 13:48:42 GMT 2024","Mon Oct 07 13:48:42 GMT 2024","1","tests.unit","test_nypl_process","TestNYPLProcess","","","test_fetchBibItems_success",""
"passed","Mon Oct 07 13:48:39 GMT 2024","Mon Oct 07 13:48:39 GMT 2024","0","tests.unit","test_custom_formatter_mapping","TestCustomFormatter","","","test_format_named_success",""
"passed","Mon Oct 07 13:48:38 GMT 2024","Mon Oct 07 13:48:38 GMT 2024","1","tests.unit","test_api_es","TestElasticClient","","","test_addSortClause_root_sort_only",""
"passed","Mon Oct 07 13:48:43 GMT 2024","Mon Oct 07 13:48:43 GMT 2024","1","tests.unit","test_parser_openedition","TestOpenEditionParser","","","test_createLinks_epub",""
"passed","Mon Oct 07 13:48:43 GMT 2024","Mon Oct 07 13:48:43 GMT 2024","1","tests.unit","test_parser_degruyter","TestDeGruyterParser","","","test_validateURI_true",""
"passed","Mon Oct 07 13:48:39 GMT 2024","Mon Oct 07 13:48:39 GMT 2024","0","tests.unit","test_doab_process","TestDOABProcess","","","test_downloadOAIRecords_complete",""
"passed","Mon Oct 07 13:48:44 GMT 2024","Mon Oct 07 13:48:44 GMT 2024","1","tests.unit","test_sfrRecord_manager","TestSFRRecordManager","","","test_subjectParser",""
"passed","Mon Oct 07 13:48:39 GMT 2024","Mon Oct 07 13:48:39 GMT 2024","2","tests.unit","test_db_manager","TestDBManager","","","test_closeConnection",""
"passed","Mon Oct 07 13:48:43 GMT 2024","Mon Oct 07 13:48:43 GMT 2024","1","tests.unit","test_sfrRecord_manager","TestSFRRecordManager","","","test_publicationDateCheck2",""
"passed","Mon Oct 07 13:48:41 GMT 2024","Mon Oct 07 13:48:41 GMT 2024","0","tests.unit","test_kmeans_yearobject","TestYearObject","","","test_setYear_start_only",""
"passed","Mon Oct 07 13:48:40 GMT 2024","Mon Oct 07 13:48:40 GMT 2024","6","tests.unit","test_hathitrust_process","TestHathiTrustProcess","","","test_readHathiFile",""
"passed","Mon Oct 07 13:48:42 GMT 2024","Mon Oct 07 13:48:42 GMT 2024","0","tests.unit","test_oclcCatalog_manager","TestOCLCCatalogManager","","","test_generate_search_query_with_insufficient_data",""
"passed","Mon Oct 07 13:48:38 GMT 2024","Mon Oct 07 13:48:38 GMT 2024","1","tests.unit","test_api_es","TestElasticClient","","","test_titleQuery",""
"passed","Mon Oct 07 13:48:38 GMT 2024","Mon Oct 07 13:48:38 GMT 2024","1","tests.unit","test_api_fulfill_blueprint","TestSearchBlueprint","","","test_fulfill_item_invalid_token",""
"passed","Mon Oct 07 13:48:43 GMT 2024","Mon Oct 07 13:48:43 GMT 2024","2","tests.unit","test_sfrElastic_manager","TestSFRElasticRecordManager","","","test_enhanceWork",""
"passed","Mon Oct 07 13:48:39 GMT 2024","Mon Oct 07 13:48:39 GMT 2024","1","tests.unit","test_api_utils_blueprint","TestUtilsBlueprint","","","test_proxy_response_redirect_error",""
"passed","Mon Oct 07 13:48:40 GMT 2024","Mon Oct 07 13:48:40 GMT 2024","0","tests.unit","test_fetcher_contentcafe","TestContentCafeFetcher","","","test_downloadCoverFile",""
"passed","Mon Oct 07 13:48:42 GMT 2024","Mon Oct 07 13:48:42 GMT 2024","0","tests.unit","test_nypl_mapping","TestNYPLMapping","","","test_parseVarFields",""
"passed","Mon Oct 07 13:48:38 GMT 2024","Mon Oct 07 13:48:38 GMT 2024","1","tests.unit","test_api_es","TestElasticClient","","","test_createFilterClausesAndAggregations_w_date",""
"passed","Mon Oct 07 13:48:43 GMT 2024","Mon Oct 07 13:48:43 GMT 2024","0","tests.unit","test_redis_manager","TestRedisManager","","","test_checkIncrementerRedis_none_false",""
"passed","Mon Oct 07 13:48:40 GMT 2024","Mon Oct 07 13:48:40 GMT 2024","2","tests.unit","test_gutenberg_process","TestGutenbergProcess","","","test_importRDFRecords_complete",""
"passed","Mon Oct 07 13:48:41 GMT 2024","Mon Oct 07 13:48:41 GMT 2024","2","tests.unit","test_main_process","TestMainProcess","","","test_load_env_file_default_file",""
"passed","Mon Oct 07 13:48:42 GMT 2024","Mon Oct 07 13:48:42 GMT 2024","0","tests.unit","test_opds_group","TestOPDSFacet","","","test_addPublication_object",""
"passed","Mon Oct 07 13:48:39 GMT 2024","Mon Oct 07 13:48:39 GMT 2024","2","tests.unit","test_api_utils_blueprint","TestUtilsBlueprint","","","test_proxy_response_request_exception",""
"passed","Mon Oct 07 13:48:39 GMT 2024","Mon Oct 07 13:48:39 GMT 2024","1","tests.unit","test_core_process","TestCoreProcess","","","test_windowedQuery_tuple",""
"passed","Mon Oct 07 13:48:39 GMT 2024","Mon Oct 07 13:48:39 GMT 2024","1","tests.unit","test_doab_process","TestDOABProcess","","","test_getResumptionToken_success",""
"passed","Mon Oct 07 13:48:39 GMT 2024","Mon Oct 07 13:48:39 GMT 2024","1","tests.unit","test_api_process","TestAPIProcess","","","test_api_runProcess",""
"passed","Mon Oct 07 13:48:38 GMT 2024","Mon Oct 07 13:48:38 GMT 2024","2","tests.unit","test_api_es","TestElasticClient","","","test_createFilterClausesAndAggregations_w_onlyGovDoc",""
"passed","Mon Oct 07 13:48:39 GMT 2024","Mon Oct 07 13:48:39 GMT 2024","0","tests.unit","test_db_manager","TestDBManager","","","test_generateEngine_success",""
"passed","Mon Oct 07 13:48:40 GMT 2024","Mon Oct 07 13:48:40 GMT 2024","1","tests.unit","test_fulfillManifest_process","TestUofMProcess","","","test_fetch_and_update_manifests",""
"passed","Mon Oct 07 13:48:42 GMT 2024","Mon Oct 07 13:48:42 GMT 2024","0","tests.unit","test_oclcCatalog_manager","TestOCLCCatalogManager","","","test_generate_search_query_w_identifier",""
"passed","Mon Oct 07 13:48:40 GMT 2024","Mon Oct 07 13:48:40 GMT 2024","1","tests.unit","test_isac_process","TestChicagoISACProcess","","","test_createManifestInS3",""
"passed","Mon Oct 07 13:48:44 GMT 2024","Mon Oct 07 13:48:44 GMT 2024","1","tests.unit","test_smartsheet_manager","TestNYPLApiManager","","","test_getColumns",""
"passed","Mon Oct 07 13:48:40 GMT 2024","Mon Oct 07 13:48:40 GMT 2024","1","tests.unit","test_fetcher_googlebooks","TestGoogleBooksFetcher","","","test_getAPIResponse_success",""
"passed","Mon Oct 07 13:48:42 GMT 2024","Mon Oct 07 13:48:42 GMT 2024","0","tests.unit","test_opds_navigation","TestNavigation","","","test_initializer",""
"passed","Mon Oct 07 13:48:42 GMT 2024","Mon Oct 07 13:48:42 GMT 2024","1","tests.unit","test_oclcClassify_process","TestOCLCClassifyProcess","","","test_sendCatalogLookupMessage",""
"passed","Mon Oct 07 13:48:44 GMT 2024","Mon Oct 07 13:48:44 GMT 2024","0","tests.unit","test_webpub_manifest","TestPDFManifest","","","test_addMetadata",""
"passed","Mon Oct 07 13:48:40 GMT 2024","Mon Oct 07 13:48:40 GMT 2024","1","tests.unit","test_gutenberg_manager","TestGutenbergManager","","","test_fetchGithubRepoBatch_basic",""
"passed","Mon Oct 07 13:48:38 GMT 2024","Mon Oct 07 13:48:38 GMT 2024","1","tests.unit","test_api_db","TestDBClient","","","test_fetchRowCounts",""
"passed","Mon Oct 07 13:48:39 GMT 2024","Mon Oct 07 13:48:39 GMT 2024","2","tests.unit","test_es_manager","TestElasticsearchManager","","","test_createElasticConnection_success",""
"passed","Mon Oct 07 13:48:43 GMT 2024","Mon Oct 07 13:48:43 GMT 2024","0","tests.unit","test_sfrRecord_manager","TestSFRRecordManager","","","test_parseDelimitedEntry_no_function_no_type",""
"passed","Mon Oct 07 13:48:38 GMT 2024","Mon Oct 07 13:48:38 GMT 2024","6","tests.unit","test_api_collection_blueprint","TestCollectionBlueprint","","","test_construct_opds_Feed_success_auto_collection",""
"passed","Mon Oct 07 13:48:43 GMT 2024","Mon Oct 07 13:48:43 GMT 2024","0","tests.unit","test_parser_springer","TestSpringerParser","","","test_generateS3Root",""
"passed","Mon Oct 07 13:48:43 GMT 2024","Mon Oct 07 13:48:43 GMT 2024","2","tests.unit","test_rabbitmq_manager","TestRabbitMQManager","","","test_sendMessageToQueue_dict",""
"passed","Mon Oct 07 13:48:41 GMT 2024","Mon Oct 07 13:48:41 GMT 2024","0","tests.unit","test_kmeans_yearobject","TestYearObject","","","test_setCentury_start_end",""
"passed","Mon Oct 07 13:48:43 GMT 2024","Mon Oct 07 13:48:43 GMT 2024","0","tests.unit","test_parser_degruyter","TestDeGruyterParser","","","test_validateURI_false",""
"passed","Mon Oct 07 13:48:39 GMT 2024","Mon Oct 07 13:48:39 GMT 2024","0","tests.unit","test_api_utils","TestAPIUtils","","","test_formatPipeDelimitedData_list",""
"passed","Mon Oct 07 13:48:44 GMT 2024","Mon Oct 07 13:48:44 GMT 2024","1","tests.unit","test_webpub_manifest","TestPDFManifest","","","test_addChapter_direct_w_subsections",""
"passed","Mon Oct 07 13:48:40 GMT 2024","Mon Oct 07 13:48:40 GMT 2024","1","tests.unit","test_hathitrust_process","TestHathiTrustProcess","","","test_importFromHathiTrustDataFile_error",""
"passed","Mon Oct 07 13:48:40 GMT 2024","Mon Oct 07 13:48:40 GMT 2024","0","tests.unit","test_fetcher_openlibrary","TestOpenLibraryFetcher","","","test_hasCover_false",""
"passed","Mon Oct 07 13:48:42 GMT 2024","Mon Oct 07 13:48:42 GMT 2024","0","tests.unit","test_oclcCatalog_mapping","TestCatalogMapping","","","test_parseLink_gutenberg",""
"passed","Mon Oct 07 13:48:39 GMT 2024","Mon Oct 07 13:48:39 GMT 2024","0","tests.unit","test_core_mapping","TestCoreMapping","","","test_updateExisting_oclc",""
"passed","Mon Oct 07 13:48:41 GMT 2024","Mon Oct 07 13:48:41 GMT 2024","1","tests.unit","test_kmeans_yearobject","TestYearObject","","","test_initializer",""
"passed","Mon Oct 07 13:48:43 GMT 2024","Mon Oct 07 13:48:43 GMT 2024","2","tests.unit","test_sfrCluster_process","TestSFRClusterProcess","","","test_createWorkFromEditions",""
"passed","Mon Oct 07 13:48:41 GMT 2024","Mon Oct 07 13:48:41 GMT 2024","0","tests.unit","test_model_record","TestModelRecord","","","test_has_version_spanish",""
"passed","Mon Oct 07 13:48:41 GMT 2024","Mon Oct 07 13:48:41 GMT 2024","1","tests.unit","test_muse_manager","TestMUSEManager","","","test_addReadableLinks_pdf",""
"passed","Mon Oct 07 13:48:38 GMT 2024","Mon Oct 07 13:48:38 GMT 2024","0","tests.unit","test_api_es","TestElasticClient","","","test_authorityQuery",""
"passed","Mon Oct 07 13:48:38 GMT 2024","Mon Oct 07 13:48:38 GMT 2024","5","tests.unit","test_api_collection_blueprint","TestCollectionBlueprint","","","test_automatic_collection_create_success",""
"passed","Mon Oct 07 13:48:41 GMT 2024","Mon Oct 07 13:48:41 GMT 2024","1","tests.unit","test_met_process","TestMetProcess","","","test_queryMetAPI_success_head",""
"passed","Mon Oct 07 13:48:40 GMT 2024","Mon Oct 07 13:48:40 GMT 2024","1","tests.unit","test_fetcher_hathitrust","TestHathiFetcher","","","test_getAPIResponse_error",""
"passed","Mon Oct 07 13:48:38 GMT 2024","Mon Oct 07 13:48:38 GMT 2024","2","tests.unit","test_api_citation_blueprint","TestCitationBlueprint","","","test_get_citation_corporate_work",""
"passed","Mon Oct 07 13:48:43 GMT 2024","Mon Oct 07 13:48:43 GMT 2024","0","tests.unit","test_parser_frontier","TestFrontierParser","","","test_validateURI_true",""
"passed","Mon Oct 07 13:48:43 GMT 2024","Mon Oct 07 13:48:43 GMT 2024","0","tests.unit","test_parser_springer","TestSpringerParser","","","test_validateURI_false",""
"passed","Mon Oct 07 13:48:41 GMT 2024","Mon Oct 07 13:48:41 GMT 2024","0","tests.unit","test_loc_mapping","TestLOCMapping","","","test_applyFormatting_standard",""
"passed","Mon Oct 07 13:48:40 GMT 2024","Mon Oct 07 13:48:40 GMT 2024","0","tests.unit","test_hathitrust_process","TestHathiTrustProcess","","","test_importFromSpecificFile_error",""
"passed","Mon Oct 07 13:48:44 GMT 2024","Mon Oct 07 13:48:44 GMT 2024","0","tests.unit","test_webpub_manifest","TestPDFManifest","","","test_addSection_existing",""
"passed","Mon Oct 07 13:48:42 GMT 2024","Mon Oct 07 13:48:42 GMT 2024","1","tests.unit","test_opds_metadata","TestMetadata","","","test_addFields_dict",""
"passed","Mon Oct 07 13:48:38 GMT 2024","Mon Oct 07 13:48:38 GMT 2024","1","tests.unit","test_api_es","TestElasticClient","","","test_generateSearchQuery_subject_search",""
"passed","Mon Oct 07 13:48:39 GMT 2024","Mon Oct 07 13:48:39 GMT 2024","1","tests.unit","test_doab_link_manager","TestDOABLinkManager","","","test_findFinalURI_redirect",""
"passed","Mon Oct 07 13:48:39 GMT 2024","Mon Oct 07 13:48:39 GMT 2024","3","tests.unit","test_core_process","TestCoreProcess","","","test_addDCDWToUpdateList_new_save_records",""
"passed","Mon Oct 07 13:48:41 GMT 2024","Mon Oct 07 13:48:41 GMT 2024","1","tests.unit","test_kmeans_manager","TestKMeansModel","","","test_getPublishers_clean",""
"passed","Mon Oct 07 13:48:39 GMT 2024","Mon Oct 07 13:48:39 GMT 2024","0","tests.unit","test_api_utils","TestAPIUtils","","","test_extractParamPairs_comma_delimited",""
"passed","Mon Oct 07 13:48:42 GMT 2024","Mon Oct 07 13:48:42 GMT 2024","2","tests.unit","test_nypl_process","TestNYPLProcess","","","test_parseNYPLDataRow_research",""
"passed","Mon Oct 07 13:48:41 GMT 2024","Mon Oct 07 13:48:41 GMT 2024","1","tests.unit","test_kmeans_manager","TestKMeansModel","","","test_getEditionStatement_value_present",""
"passed","Mon Oct 07 13:48:38 GMT 2024","Mon Oct 07 13:48:38 GMT 2024","0","tests.unit","test_api_es","TestElasticClient","","","test_getFromSize_initial",""
"passed","Mon Oct 07 13:48:43 GMT 2024","Mon Oct 07 13:48:43 GMT 2024","0","tests.unit","test_parser_frontier","TestFrontierParser","","","test_generateS3Root",""
"passed","Mon Oct 07 13:48:40 GMT 2024","Mon Oct 07 13:48:40 GMT 2024","1","tests.unit","test_gutenberg_process","TestGutenbergProcess","","","test_runProcess_custom",""
"passed","Mon Oct 07 13:48:40 GMT 2024","Mon Oct 07 13:48:40 GMT 2024","0","tests.unit","test_gutenberg_mapping","TestGutenbergMapping","","","test_createMapping",""
"passed","Mon Oct 07 13:48:42 GMT 2024","Mon Oct 07 13:48:42 GMT 2024","3","tests.unit","test_oclcCatalog_process","TestOCLCCatalogProcess","","","test_parseCatalogRecord_mapping_failure",""
"passed","Mon Oct 07 13:48:39 GMT 2024","Mon Oct 07 13:48:39 GMT 2024","3","tests.unit","test_dbMaintenance_process","TestIngestReportProcess","","","test_vacuumTables",""
"passed","Mon Oct 07 13:48:42 GMT 2024","Mon Oct 07 13:48:42 GMT 2024","1","tests.unit","test_opds_facet","TestOPDSFacet","","","test_repr",""
"passed","Mon Oct 07 13:48:43 GMT 2024","Mon Oct 07 13:48:43 GMT 2024","1","tests.unit","test_sfrFile_process","TestS3Process","","","test_getFileContents_error",""
"passed","Mon Oct 07 13:48:39 GMT 2024","Mon Oct 07 13:48:39 GMT 2024","1","tests.unit","test_es_manager","TestElasticsearchManager","","","test_createElasticConnection_multiHostSuccess",""
"passed","Mon Oct 07 13:48:38 GMT 2024","Mon Oct 07 13:48:38 GMT 2024","2","tests.unit","test_api_db","TestDBClient","","","test_createSession",""
"passed","Mon Oct 07 13:48:42 GMT 2024","Mon Oct 07 13:48:42 GMT 2024","0","tests.unit","test_muse_mapping","","","","test_clean_up_subject_head",""
"passed","Mon Oct 07 13:48:43 GMT 2024","Mon Oct 07 13:48:43 GMT 2024","2","tests.unit","test_sfrElastic_manager","TestSFRElasticRecordManager","","","test_addAvailableFormats",""
"passed","Mon Oct 07 13:48:42 GMT 2024","Mon Oct 07 13:48:42 GMT 2024","0","tests.unit","test_opds_navigation","TestNavigation","","","test_iter_success",""
"passed","Mon Oct 07 13:48:38 GMT 2024","Mon Oct 07 13:48:38 GMT 2024","1","tests.unit","test_api_es","TestElasticClient","","","test_createFilterClausesAndAggregations_default",""
"passed","Mon Oct 07 13:48:43 GMT 2024","Mon Oct 07 13:48:43 GMT 2024","0","tests.unit","test_parser_degruyter","TestDeGruyterParser","","","test_generateEpubLinks_error",""
"passed","Mon Oct 07 13:48:41 GMT 2024","Mon Oct 07 13:48:41 GMT 2024","1","tests.unit","test_met_process","TestMetProcess","","","test_queryMetAPI_error",""
"passed","Mon Oct 07 13:48:43 GMT 2024","Mon Oct 07 13:48:43 GMT 2024","0","tests.unit","test_parser_springer","TestSpringerParser","","","test_initializer",""
"passed","Mon Oct 07 13:48:41 GMT 2024","Mon Oct 07 13:48:41 GMT 2024","2","tests.unit","test_loc_process","TestLOCProcess","","","test_processLOCRecord_success",""
"passed","Mon Oct 07 13:48:43 GMT 2024","Mon Oct 07 13:48:43 GMT 2024","0","tests.unit","test_parser_openedition","TestOpenEditionParser","","","test_validateURI_true_split",""
"passed","Mon Oct 07 13:48:43 GMT 2024","Mon Oct 07 13:48:43 GMT 2024","1","tests.unit","test_opds_publication","TestOPDSPublication","","","test_setContributors",""
"passed","Mon Oct 07 13:48:42 GMT 2024","Mon Oct 07 13:48:42 GMT 2024","0","tests.unit","test_oclcCatalog_manager","TestOCLCCatalogManager","","","test_generate_search_query_wo_identifier",""
"passed","Mon Oct 07 13:48:42 GMT 2024","Mon Oct 07 13:48:42 GMT 2024","48","tests.unit","test_oclcClassify_process","TestOCLCClassifyProcess","","","test_classifyRecords_full_batch",""
"passed","Mon Oct 07 13:48:38 GMT 2024","Mon Oct 07 13:48:38 GMT 2024","0","tests.unit","test_api_es","TestElasticClient","","","test_executeReversedQuery",""
"passed","Mon Oct 07 13:48:42 GMT 2024","Mon Oct 07 13:48:42 GMT 2024","1","tests.unit","test_nypl_process","TestNYPLProcess","","","test_runProcess_daily",""
"passed","Mon Oct 07 13:48:40 GMT 2024","Mon Oct 07 13:48:40 GMT 2024","0","tests.unit","test_fetcher_googlebooks","TestGoogleBooksFetcher","","","test_fetchCover_error",""
"passed","Mon Oct 07 13:48:42 GMT 2024","Mon Oct 07 13:48:42 GMT 2024","2","tests.unit","test_muse_process","TestMUSEProcess","","","test_downloadRecordUpdates_success",""
"passed","Mon Oct 07 13:48:44 GMT 2024","Mon Oct 07 13:48:44 GMT 2024","0","tests.unit","test_xml_mapping","TestXMLMapping","","","test_filterEmptyFields_value_missing",""
"passed","Mon Oct 07 13:48:38 GMT 2024","Mon Oct 07 13:48:38 GMT 2024","1","tests.unit","test_api_es","TestElasticClient","","","test_createFilterClausesAndAggregations_w_format",""
"passed","Mon Oct 07 13:48:41 GMT 2024","Mon Oct 07 13:48:41 GMT 2024","362","tests.unit","test_kmeans_manager","TestKMeansModel","","","test_createDF_maxK_500_1000",""
"passed","Mon Oct 07 13:48:43 GMT 2024","Mon Oct 07 13:48:43 GMT 2024","0","tests.unit","test_sfrElastic_manager","TestSFRElasticRecordManager","","","test_setSortTitle_present",""
"passed","Mon Oct 07 13:48:38 GMT 2024","Mon Oct 07 13:48:38 GMT 2024","1","tests.unit","test_api_fulfill_blueprint","TestSearchBlueprint","","","test_fulfill_item_no_header",""
"passed","Mon Oct 07 13:48:38 GMT 2024","Mon Oct 07 13:48:38 GMT 2024","0","tests.unit","test_api_es","TestElasticClient","","","test_applyAggregations_govDoc_and_other_aggregations",""
"passed","Mon Oct 07 13:48:40 GMT 2024","Mon Oct 07 13:48:40 GMT 2024","2","tests.unit","test_gutenberg_process","TestGutenbergProcess","","","test_runProcess_complete",""
"passed","Mon Oct 07 13:48:39 GMT 2024","Mon Oct 07 13:48:39 GMT 2024","2","tests.unit","test_cover_process","TestCoverProcess","","","test_generateQuery_complete",""
"passed","Mon Oct 07 13:48:40 GMT 2024","Mon Oct 07 13:48:40 GMT 2024","0","tests.unit","test_hathitrust_process","TestHathiTrustProcess","","","test_importRemoteRecords_full",""
"passed","Mon Oct 07 13:48:38 GMT 2024","Mon Oct 07 13:48:38 GMT 2024","3","tests.unit","test_api_citation_blueprint","TestCitationBlueprint","","","test_get_citation_mult_edit_success",""
"passed","Mon Oct 07 13:48:42 GMT 2024","Mon Oct 07 13:48:42 GMT 2024","1","tests.unit","test_nypl_mapping","TestNYPLMapping","","","test_createMapping",""
"passed","Mon Oct 07 13:48:38 GMT 2024","Mon Oct 07 13:48:38 GMT 2024","4","tests.unit","test_api_collection_blueprint","TestCollectionBlueprint","","","test_collection_update_success",""
"passed","Mon Oct 07 13:48:42 GMT 2024","Mon Oct 07 13:48:42 GMT 2024","0","tests.unit","test_muse_manager","TestMUSEManager","","","test_constructS3Link",""
"passed","Mon Oct 07 13:48:43 GMT 2024","Mon Oct 07 13:48:43 GMT 2024","1","tests.unit","test_parser_openedition","TestOpenEditionParser","","","test_createLinks_other",""
"passed","Mon Oct 07 13:48:40 GMT 2024","Mon Oct 07 13:48:40 GMT 2024","0","tests.unit","test_gutenberg_process","TestGutenbergProcess","","","test_addNewPart",""
"passed","Mon Oct 07 13:48:39 GMT 2024","Mon Oct 07 13:48:39 GMT 2024","0","tests.unit","test_es_manager","TestElasticsearchManager","","","test_splitWorkBatch_odd",""
"passed","Mon Oct 07 13:48:39 GMT 2024","Mon Oct 07 13:48:39 GMT 2024","1","tests.unit","test_es_manager","TestElasticsearchManager","","","test_saveWorkRecords_retry_partial_failure",""
"passed","Mon Oct 07 13:48:43 GMT 2024","Mon Oct 07 13:48:43 GMT 2024","0","tests.unit","test_parser_springer","TestSpringerParser","","","test_validateURI_alt_link",""
"passed","Mon Oct 07 13:48:43 GMT 2024","Mon Oct 07 13:48:43 GMT 2024","1","tests.unit","test_parser_frontier","TestFrontierParser","","","test_checkAvailability_timeout",""
"passed","Mon Oct 07 13:48:43 GMT 2024","Mon Oct 07 13:48:43 GMT 2024","0","tests.unit","test_redis_manager","TestRedisManager","","","test_createRedisClient",""
"passed","Mon Oct 07 13:48:44 GMT 2024","Mon Oct 07 13:48:44 GMT 2024","0","tests.unit","test_sql_mapping","TestSQLMapping","","","test_getFieldData_empty_string",""
"passed","Mon Oct 07 13:48:41 GMT 2024","Mon Oct 07 13:48:41 GMT 2024","0","tests.unit","test_loc_process","TestLOCProcess","","","test_addEPUBManifest",""
"passed","Mon Oct 07 13:48:43 GMT 2024","Mon Oct 07 13:48:43 GMT 2024","0","tests.unit","test_parser_default","TestDefaultParser","","","test_validateURI",""
"passed","Mon Oct 07 13:48:39 GMT 2024","Mon Oct 07 13:48:39 GMT 2024","2","tests.unit","test_db_manager","TestDBManager","","","test_initializeDatabase_run",""
"passed","Mon Oct 07 13:48:38 GMT 2024","Mon Oct 07 13:48:38 GMT 2024","2","tests.unit","test_api_db","TestDBClient","","","test_deleteCollection",""
"passed","Mon Oct 07 13:48:42 GMT 2024","Mon Oct 07 13:48:42 GMT 2024","3","tests.unit","test_nypl_process","TestNYPLProcess","","","test_importBibRecords_not_full_no_timestamp",""
"passed","Mon Oct 07 13:48:42 GMT 2024","Mon Oct 07 13:48:42 GMT 2024","0","tests.unit","test_opds_metadata","TestMetadata","","","test_initializer",""
"passed","Mon Oct 07 13:48:41 GMT 2024","Mon Oct 07 13:48:41 GMT 2024","56","tests.unit","test_kmeans_manager","TestKMeansModel","","","test_createDF_maxK_250_500",""
"passed","Mon Oct 07 13:48:42 GMT 2024","Mon Oct 07 13:48:42 GMT 2024","1","tests.unit","test_nyplAPI_manager","TestNYPLApiManager","","","test_queyApi_timeout",""
"passed","Mon Oct 07 13:48:43 GMT 2024","Mon Oct 07 13:48:43 GMT 2024","0","tests.unit","test_parser_openedition","TestOpenEditionParser","","","test_validateURI_true",""
"passed","Mon Oct 07 13:48:43 GMT 2024","Mon Oct 07 13:48:43 GMT 2024","1","tests.unit","test_sfrCluster_process","TestSFRClusterProcess","","","test_queryIdens_success",""
"passed","Mon Oct 07 13:48:39 GMT 2024","Mon Oct 07 13:48:39 GMT 2024","2","tests.unit","test_doab_process","TestDOABProcess","","","test_runProcess_custom",""
"passed","Mon Oct 07 13:48:43 GMT 2024","Mon Oct 07 13:48:43 GMT 2024","1","tests.unit","test_opds_publication","TestOPDSPublication","","","test_setBestIdentifier",""
"passed","Mon Oct 07 13:48:42 GMT 2024","Mon Oct 07 13:48:42 GMT 2024","0","tests.unit","test_muse_process","TestMUSEProcess","","","test_recordToBeUpdated_false",""
"passed","Mon Oct 07 13:48:38 GMT 2024","Mon Oct 07 13:48:38 GMT 2024","1","tests.unit","test_api_es","TestElasticClient","","","test_addSearchHighlighting",""
"passed","Mon Oct 07 13:48:43 GMT 2024","Mon Oct 07 13:48:43 GMT 2024","1","tests.unit","test_sfrCluster_process","TestSFRClusterProcess","","","test_runProcess_daily",""
"passed","Mon Oct 07 13:48:44 GMT 2024","Mon Oct 07 13:48:44 GMT 2024","1","tests.unit","test_webpub_manifest","TestPDFManifest","","","test_addChapter_parent_section_no_subsections",""
"passed","Mon Oct 07 13:48:42 GMT 2024","Mon Oct 07 13:48:42 GMT 2024","3","tests.unit","test_opds_publication","TestOPDSPublication","","","test_parseEditionToPublication_ReaderFlagTrue",""
"passed","Mon Oct 07 13:48:41 GMT 2024","Mon Oct 07 13:48:41 GMT 2024","0","tests.unit","test_kmeans_yearobject","TestYearObject","","","test_setCentury_start_only",""
"passed","Mon Oct 07 13:48:39 GMT 2024","Mon Oct 07 13:48:39 GMT 2024","2","tests.unit","test_es_manager","TestElasticsearchManager","","","test_createELasticSearchIndex_execute",""
"passed","Mon Oct 07 13:48:39 GMT 2024","Mon Oct 07 13:48:39 GMT 2024","0","tests.unit","test_api_utils","TestAPIUtils","","","test_flatten_already_flat",""
"passed","Mon Oct 07 13:48:39 GMT 2024","Mon Oct 07 13:48:39 GMT 2024","0","tests.unit","test_doab_link_manager","TestDOABLinkManager","","","test_parseLinks_error",""
"passed","Mon Oct 07 13:48:42 GMT 2024","Mon Oct 07 13:48:42 GMT 2024","0","tests.unit","test_opds_publication","TestOPDSPublication","","","test_addLink_dict",""
"passed","Mon Oct 07 13:48:42 GMT 2024","Mon Oct 07 13:48:42 GMT 2024","2","tests.unit","test_nypl_process","TestNYPLProcess","","","test_runProcess_custom",""
"passed","Mon Oct 07 13:48:43 GMT 2024","Mon Oct 07 13:48:43 GMT 2024","1","tests.unit","test_parser_mdpi","TestMDPIParser","","","test_generatePDFLinks",""
"passed","Mon Oct 07 13:48:42 GMT 2024","Mon Oct 07 13:48:42 GMT 2024","0","tests.unit","test_oclcClassify_process","TestOCLCClassifyProcess","","","test_runProcess_daily",""
"passed","Mon Oct 07 13:48:39 GMT 2024","Mon Oct 07 13:48:39 GMT 2024","1","tests.unit","test_core_mapping","TestCoreMapping","","","test_applyFormatting",""
"passed","Mon Oct 07 13:48:41 GMT 2024","Mon Oct 07 13:48:41 GMT 2024","0","tests.unit","test_marc_mapping","TestMARCMapping","","","test_applyStringFormat_string",""
"passed","Mon Oct 07 13:48:40 GMT 2024","Mon Oct 07 13:48:40 GMT 2024","0","tests.unit","test_isac_process","TestChicagoISACProcess","","","test_processChicagoISACRecord_error",""
"passed","Mon Oct 07 13:48:43 GMT 2024","Mon Oct 07 13:48:43 GMT 2024","1","tests.unit","test_sfrRecord_manager","TestSFRRecordManager","","","test_buildItems",""
"passed","Mon Oct 07 13:48:40 GMT 2024","Mon Oct 07 13:48:40 GMT 2024","0","tests.unit","test_hathitrust_mapping","TestHathingMapping","","","test_applyFormatting_no_pub_date",""
"passed","Mon Oct 07 13:48:42 GMT 2024","Mon Oct 07 13:48:42 GMT 2024","1","tests.unit","test_nypl_process","TestNYPLProcess","","","test_parseNYPLDataRow_not_research",""
"passed","Mon Oct 07 13:48:40 GMT 2024","Mon Oct 07 13:48:40 GMT 2024","1","tests.unit","test_gutenberg_manager","TestGutenbergManager","","","test_queryGraphQL_failure",""
"passed","Mon Oct 07 13:48:39 GMT 2024","Mon Oct 07 13:48:39 GMT 2024","1","tests.unit","test_doab_process","TestDOABProcess","","","test_getResupmtionToken_none",""
"passed","Mon Oct 07 13:48:38 GMT 2024","Mon Oct 07 13:48:38 GMT 2024","0","tests.unit","test_api_es","TestElasticClient","","","test_executeSearchQuery_no_results",""
"passed","Mon Oct 07 13:48:42 GMT 2024","Mon Oct 07 13:48:42 GMT 2024","0","tests.unit","test_opds_navigation","TestNavigation","","","test_repr",""
"passed","Mon Oct 07 13:48:39 GMT 2024","Mon Oct 07 13:48:39 GMT 2024","2","tests.unit","test_doab_link_manager","TestDOABLinkManager","","","test_selectParser",""
"passed","Mon Oct 07 13:48:42 GMT 2024","Mon Oct 07 13:48:42 GMT 2024","0","tests.unit","test_opds_feed","TestOPDSFacet","","","test_addMetadata",""
"passed","Mon Oct 07 13:48:42 GMT 2024","Mon Oct 07 13:48:42 GMT 2024","0","tests.unit","test_opds_link","TestLink","","","test_addField",""
"passed","Mon Oct 07 13:48:40 GMT 2024","Mon Oct 07 13:48:40 GMT 2024","1","tests.unit","test_gutenberg_process","TestGutenbergProcess","","","test_addCoverAndStoreInS3",""
"passed","Mon Oct 07 13:48:39 GMT 2024","Mon Oct 07 13:48:39 GMT 2024","0","tests.unit","test_dbMaintenance_process","TestIngestReportProcess","","","test_vacuumTable",""
"passed","Mon Oct 07 13:48:43 GMT 2024","Mon Oct 07 13:48:43 GMT 2024","3","tests.unit","test_sfrCluster_process","TestSFRClusterProcess","","","test_updateMatchedRecordsStatus",""
"passed","Mon Oct 07 13:48:39 GMT 2024","Mon Oct 07 13:48:39 GMT 2024","2","tests.unit","test_api_utils","TestAPIUtils","","","test_formatLanguages_counts",""
"passed","Mon Oct 07 13:48:38 GMT 2024","Mon Oct 07 13:48:38 GMT 2024","1","tests.unit","test_api_es","TestElasticClient","","","test_executeDeepQuery",""
"passed","Mon Oct 07 13:48:39 GMT 2024","Mon Oct 07 13:48:39 GMT 2024","0","tests.unit","test_api_utils","TestAPIUtils","","","test_extractParamPairs_dangling_quotation_multiple",""
"passed","Mon Oct 07 13:48:42 GMT 2024","Mon Oct 07 13:48:42 GMT 2024","0","tests.unit","test_opds_group","TestOPDSFacet","","","test_initializer",""
"passed","Mon Oct 07 13:48:43 GMT 2024","Mon Oct 07 13:48:43 GMT 2024","1","tests.unit","test_parser_openedition","TestOpenEditionParser","","","test_generateManifest",""
"passed","Mon Oct 07 13:48:39 GMT 2024","Mon Oct 07 13:48:39 GMT 2024","0","tests.unit","test_api_utils","TestAPIUtils","","","test_formatPipeDelimitedData_none",""
"passed","Mon Oct 07 13:48:42 GMT 2024","Mon Oct 07 13:48:42 GMT 2024","2","tests.unit","test_oclcCatalog_process","TestOCLCCatalogProcess","","","test_parseCatalogRecord_success",""
"passed","Mon Oct 07 13:48:39 GMT 2024","Mon Oct 07 13:48:39 GMT 2024","3","tests.unit","test_core_process","TestCoreProcess","","","test_addDCDWToUpdateList_existing",""
